30062014 0.942 0.942 0.942 0.94367408265002 0.945203694225275 0.942 0.946993931822012 0.942 0.942078464043803 0.942007842582231 0.942 0.938783819712057 0.942 0.942 0.939737303837954 0.939898415433509 0.942 0.937202239221395 0.942 0.940063622853686 0.942 0.942 0.946372349285375 0.942
30052014 0.9271 0.9271 0.9271 0.928608403149966 0.929394133095174 0.9271 0.931774320793445 0.9271 0.927169503834325 0.9271 0.9271 0.924470461822416 0.9271 0.9271 0.924873093830326 0.925031657057756 0.9271 0.922144024174802 0.9271 0.925194251324472 0.9271 0.9271 0.931403190045086 0.9271
30042014 0.9287 0.9287 0.9287 0.929924130774184 0.930135626013015 0.9287 0.933243956721673 0.9287 0.928769623784854 0.92870773262616 0.9287 0.925799416969799 0.9287 0.9287 0.926469250609668 0.926628087487367 0.9287 0.923722430442145 0.9287 0.926790962361166 0.9287 0.9287 0.930822874879875 0.9287
30032014 0.9221 0.9221 0.9221 0.922961382143295 0.92267202297436 0.9221 0.926802825113078 0.9221 0.922161450804625 0.922107678439837 0.9221 0.919949553932479 0.9221 0.9221 0.920023964378287 0.919145100080738 0.9221 0.917217007286004 0.9221 0.920204529334803 0.9221 0.9221 0.924207788227343 0.9221
30022014 0.8947 0.8947 0.8947 0.895891510026311 0.894978246074436 0.8947 0.898663819838672 0.8947 0.894752174096259 0.8947 0.8947 0.892600183757048 0.8947 0.8947 0.892685653323125 0.891832904286125 0.8947 0.89050123848485 0.8947 0.892860852831415 0.8947 0.8947 0.896745155760767 0.8947
30012014 0.8763 0.8763 0.8763 0.877401938386931 0.876027051783832 0.8763 0.880620397392526 0.8763 0.876351101107133 0.876285406796125 0.8763 0.873655476025049 0.8763 0.8763 0.874327079475862 0.873491867694123 0.8763 0.872268649441404 0.8763 0.874498675909432 0.8763 0.8763 0.878303096002191 0.8763
30122013 0.8865 0.8865 0.8865 0.887404354600233 0.886638288754842 0.8865 0.890870686167379 0.8865 0.886566460089666 0.886507381256693 0.8865 0.884153412932073 0.8865 0.8865 0.884921391335998 0.884219022192295 0.8865 0.882382113539567 0.8865 0.884677708768357 0.8865 0.8865 0.888408609073307 0.8865
30112013 0.9123 0.9123 0.9123 0.913013464179612 0.913011790293468 0.9123 0.917315016264129 0.9123 0.912360797710725 0.912292403988254 0.9123 0.909854039386163 0.9123 0.9123 0.910675448748822 0.909952638404998 0.9123 0.908189026515686 0.9123 0.910424674235051 0.9123 0.9123 0.914264155733308 0.9123
30102013 0.9482 0.9482 0.9482 0.949162764194315 0.949233947037336 0.9482 0.953108484723404 0.9482 0.948271085681919 0.948207894988829 0.9482 0.945731474836541 0.9482 0.9482 0.946511520885271 0.945760267166084 0.9482 0.944165298890761 0.9482 0.946250878120876 0.9482 0.9482 0.950241447403621 0.9482
30092013 0.9309 0.9309 0.9309 0.932075153798162 0.932070703363803 0.9309 0.936016771943788 0.9309 0.93096203725629 0.9309 0.9309 0.928863646064436 0.9309 0.9309 0.929070755812209 0.929693872137455 0.9309 0.927197467964022 0.9309 0.92898644003662 0.930937833005561 0.9309 0.933914948740794 0.9309
30082013 0.8947 0.8947 0.8947 0.89614895213006 0.896837308066567 0.8947 0.899729392862066 0.8947 0.894759624807394 0.89469255052975 0.8947 0.893686160115446 0.8947 0.8947 0.892941889811133 0.893540774950458 0.8947 0.890676076900249 0.8947 0.892824567261732 0.894845278928488 0.8947 0.897601151796398 0.8947
30072013 0.9072 0.9072 0.9072 0.908540205768207 0.909753394122755 0.9072 0.91220494424774 0.9072 0.907268011949628 0.9072 0.9072 0.905656151855118 0.9072 0.9072 0.9054173269662 0.906024579227736 0.9072 0.90319481366972 0.9072 0.905151389287905 0.9072 0.9072 0.910141684262537 0.9072
30062013 0.9269 0.9269 0.9269 0.927943528277126 0.928725396911708 0.9269 0.932076659601796 0.9269 0.926969488840509 0.926884567227994 0.9269 0.925620398058245 0.9269 0.9269 0.924994662444885 0.92599651280657 0.9269 0.922462257731685 0.9269 0.92480690336305 0.926937578805139 0.9269 0.929640318855783 0.9269
30052013 0.9649 0.9649 0.9649 0.965782901643167 0.965848440500501 0.9649 0.970424021306685 0.9649 0.964988404604859 0.964867878958946 0.9649 0.963409885688401 0.9649 0.9649 0.962916549566371 0.963959472658388 0.9649 0.959745707429313 0.9649 0.962682063451649 0.965056297125079 0.9649 0.967752663355211 0.9649
30042013 1.0312 1.0312 1.0312 1.03214356738982 1.03221360953893 1.0312 1.03686985424981 1.0312 1.03132881146608 1.03120858092675 1.0312 1.028268149165 1.0312 1.0312 1.02908026314939 1.03019484734722 1.0312 1.0262747428602 1.0312 1.02866303943994 1.0312 1.0312 1.03424867494237 1.0312
30032013 1.0426 1.0426 1.0426 1.04429852022467 1.0439211466269 1.0426 1.04836662170064 1.0426 1.04272155868621 1.0425913242826 1.0426 1.04056754920012 1.0426 1.0426 1.04070829326063 1.0398538450497 1.0426 1.03767155165623 1.0426 1.04003499313429 1.0426 1.0426 1.04681091189898 1.0426
30022013 1.0275 1.0275 1.0275 1.02881817849795 1.02837409797355 1.0275 1.03371614667322 1.0275 1.02762834928375 1.02750855013793 1.0275 1.02574288485039 1.0275 1.0275 1.02563569089324 1.02479361767559 1.0275 1.02242285772243 1.0275 1.02497214218827 1.0275 1.0275 1.03164992516421 1.0275
30012013 1.0394 1.0394 1.0394 1.04088680492927 1.03954738037022 1.0394 1.04604004606243 1.0394 1.03952118559222 1.03938270275662 1.0394 1.03752606026945 1.0394 1.0394 1.03751409938145 1.03666227368565 1.0394 1.03402159403778 1.0394 1.03684286578149 1.03942522478813 1.0394 1.04359798755783 1.0394
30122012 1.0405 1.0405 1.0405 1.04205951072301 1.04079446731089 1.0405 1.04660589211321 1.0405 1.04063863169943 1.0405 1.0405 1.03835267063586 1.0405 1.0405 1.0387812586466 1.03723772660383 1.0405 1.03517427554379 1.0405 1.03791497081048 1.04068496738463 1.0405 1.04412595927113 1.0405
30112012 1.0431 1.0431 1.0431 1.04495671451466 1.04398361048896 1.0431 1.04924741172454 1.0431 1.04323897811214 1.0431 1.0431 1.04154115400006 1.0431 1.0431 1.04137696385802 1.03982957483946 1.0431 1.03762297925197 1.0431 1.04032357532101 1.0431168362777 1.0431 1.04673501981328 1.0431
30102012 1.0378 1.0378 1.0378 1.03949646845931 1.03926686366488 1.0378 1.04353925451731 1.0378 1.03793827196316 1.03781727090429 1.0378 1.03547324446331 1.0378 1.0378 1.03608571861936 1.0345461918976 1.0378 1.03206700238744 1.0378 1.03502097648122 1.03799241687681 1.0378 1.04141655024659 1.0378
30092012 1.0464 1.0464 1.0464 1.04789169682467 1.04848359682026 1.0464 1.05177617646471 1.0464 1.04652200173533 1.04640870828011 1.0464 1.0439610871543 1.0464 1.0464 1.04537848482622 1.04543215865853 1.0464 1.0404903612352 1.0464 1.04340449138221 1.0464 1.0464 1.04679806817218 1.0464
30082012 1.0301 1.0301 1.0301 1.03127963479953 1.03186691051817 1.0301 1.036823759926 1.0301 1.03021152773031 1.03007428510784 1.0301 1.02643497467827 1.0301 1.0301 1.02909439718988 1.02914723493325 1.0301 1.02335582396493 1.0301 1.02715115307035 1.0301 1.0301 1.03049186737783 1.0301
30072012 1.0526 1.0526 1.0526 1.05403096198287 1.05546386929369 1.0526 1.06045652682934 1.0526 1.05274024385086 1.0526 1.0526 1.048649617264 1.0526 1.0526 1.05157243227072 1.05162642412459 1.0526 1.04550117165932 1.0526 1.04958674276464 1.05263389415765 1.0526 1.05300042675654 1.0526
30062012 1.0191 1.0191 1.0191 1.020556516777 1.02186796741599 1.0191 1.02684197463847 1.0191 1.01923578045641 1.0191 1.0191 1.01518460445451 1.0191 1.0191 1.01776445423954 1.01900123427462 1.0191 1.01295663800431 1.0191 1.01614992210316 1.01928845751783 1.0191 1.02306200166443 1.0191
30052012 0.9727 0.9727 0.9727 0.974510785670501 0.975339676702899 0.9727 0.980273539865801 0.9727 0.972829598321998 0.972716187520336 0.9727 0.968634379783274 0.9727 0.9727 0.971425262132074 0.972605731114636 0.9727 0.967199702963262 0.9727 0.969704917130833 0.973074152020271 0.9727 0.976481610262964 0.9727
30042012 1.0453 1.0453 1.0453 1.04763163428735 1.04724004374305 1.0453 1.05322252887127 1.0453 1.04542187348427 1.04530869912577 1.0453 1.04214641464447 1.0453 1.0453 1.04393011874849 1.04519869511065 1.0453 1.03938917395651 1.0453 1.04168068566243 1.0453 1.0453 1.04936386060232 1.0453
30032012 1.0402 1.0402 1.0402 1.04269166715753 1.04109479762929 1.0402 1.04843714066194 1.0402 1.04031262124558 1.04022597545312 1.0402 1.03660669937934 1.0402 1.0402 1.03755578313942 1.03913118431034 1.0402 1.03417661641952 1.0402 1.03659834423233 1.0402 1.0402 1.04199210108239 1.0402
30022012 1.0816 1.0816 1.0816 1.08420216941314 1.08222232511166 1.0816 1.09040699259326 1.0816 1.0816900920486 1.08161801060727 1.0816 1.07869026656262 1.0816 1.0816 1.07885054320669 1.08048864540479 1.0816 1.07485792939616 1.0816 1.07785499819428 1.0816 1.0816 1.08346342677438 1.0816
30012012 1.0637 1.0637 1.0637 1.06634951069812 1.0637 1.0637 1.07184965706377 1.0637 1.06377088734506 1.06370885756041 1.0637 1.0610945772487 1.0637 1.0637 1.06099604549644 1.06260703783013 1.0637 1.05728589761958 1.0637 1.06001697631218 1.06374250464607 1.0637 1.06553258788823 1.0637
30122011 1.0156 1.0156 1.0156 1.01842777935135 1.01574624523888 1.0156 1.02356425151644 1.0156 1.01565922433459 1.01559154304461 1.0156 1.01248590507909 1.0156 1.0156 1.01267775870088 1.01303800455431 1.0156 1.00969124266739 1.0156 1.01204308038894 1.01577024563575 1.0156 1.0162886239545 1.0156
30112011 1.0021 1.0021 1.0021 1.00496247717495 1.0031122982708 1.0021 1.01002625457963 1.0021 1.0021667821834 1.00210834460965 1.0021 0.998850185159283 1.0021 1.0021 0.999216602987545 0.999572060224371 1.0021 0.995526673039794 1.0021 0.998422994978561 1.002291569573 1.0021 1.00277947032769 1.0021
30102011 1.0509 1.0509 1.0509 1.05420740424409 1.05363796121175 1.0509 1.05935350859061 1.0509 1.05096128284091 1.05089124909963 1.0509 1.04811187486996 1.0509 1.0509 1.04787618808463 1.0482489552837 1.0509 1.04378393398619 1.0509 1.04684381000029 1.0509 1.0509 1.05161255899348 1.0509
30092011 0.9781 0.9781 0.9781 0.981117852695382 0.981917867612149 0.9781 0.986118190923596 0.9781 0.978165182769769 0.978083713127189 0.9781 0.975416172917816 0.9781 0.9781 0.975056385048318 0.975173945535815 0.9781 0.972875895391538 0.9781 0.974324798326465 0.9781 0.9781 0.975350703628735 0.9781
30082011 1.0691 1.0691 1.0691 1.07231922738465 1.07363263971616 1.0691 1.07613469082335 1.0691 1.06918905085906 1.06912670513465 1.0691 1.06589148436339 1.0691 1.0691 1.06595832570524 1.06476560260498 1.0691 1.06268680987777 1.0691 1.06497356291874 1.0691 1.0691 1.06608694131868 1.0691
30072011 1.0954 1.0954 1.0954 1.09861925529288 1.10086373709607 1.0954 1.10076244460001 1.0954 1.09546387784178 1.09538175807883 1.0954 1.09236116338819 1.0954 1.0954 1.09218104010618 1.09095897586146 1.0954 1.08925868356851 1.0954 1.09117205202618 1.0954 1.0954 1.09232099044568 1.0954
30062011 1.0739 1.0739 1.0739 1.07705328882075 1.07973305832358 1.0739 1.07829402209856 1.0739 1.07398050929531 1.0739 1.0739 1.07091770543634 1.0739 1.0739 1.07097235036766 1.07042921880739 1.0739 1.06647149213709 1.0739 1.06975503621592 1.0739 1.0739 1.06895673369599 1.0739
30052011 1.0709 1.0709 1.0709 1.07373705813479 1.07593985419159 1.0709 1.0751652773309 1.0709 1.07098028438807 1.07089108434035 1.0709 1.06660474568 1.0709 1.0709 1.06798052892144 1.0674389146297 1.0709 1.06387872705469 1.0709 1.06676661540519 1.0709 1.0709 1.06597054298821 1.0709
30042011 1.09 1.09 1.09 1.09241645703312 1.09402140925623 1.09 1.09413059879928 1.09 1.09009079172797 1.08996371081802 1.09 1.0847771248517 1.09 1.09 1.08702845879575 1.086477184561 1.09 1.0829783819628 1.09 1.08579289456686 1.09 1.09 1.08498262382776 1.09
30032011 1.0334 1.0334 1.0334 1.03516767396918 1.03569800953539 1.0334 1.03689410777336 1.0334 1.03352048604099 1.03338280260601 1.0334 1.0285100723439 1.0334 1.0334 1.03114495835721 1.0315174207443 1.0334 1.02642342829034 1.0334 1.029411355271 1.0334 1.0334 1.03308632534989 1.0334
30022011 1.0163 1.0163 1.0163 1.0176632753554 1.01811321931684 1.0163 1.0199104677467 1.0163 1.01643540739657 1.0162915448196 1.0163 1.0120495326668 1.0163 1.0163 1.01408227325182 1.01444857238479 1.0163 1.00912356608456 1.0163 1.01237735664982 1.0163 1.0163 1.01599151582456 1.0163
30012011 0.9894 0.9894 0.9894 0.990584930420115 0.990284579620613 0.9894 0.992139201826709 0.9894 0.989540055906574 0.989391769437771 0.9894 0.984640319811011 0.9894 0.9894 0.987240973290712 0.987597577012207 0.9894 0.982826547159551 0.9894 0.985581183380232 0.9894 0.9894 0.989099680957213 0.9894
30122010 1.0163 1.0163 1.0163 1.01721271644686 1.01675441564609 1.0163 1.01904890088849 1.0163 1.01645231937732 1.01629154650751 1.0163 1.01181197928685 1.0163 1.0163 1.01397612485388 1.01404363940606 1.0163 1.01112093217988 1.0163 1.01237735664982 1.01628382833815 1.0163 1.02043290576095 1.0163
30112010 0.9618 0.9618 0.9618 0.962736209135296 0.962373695793488 0.9618 0.964357756173215 0.9618 0.961952152545903 0.9618 0.9618 0.957611851145819 0.9618 0.9618 0.95960074474512 0.959664638768816 0.9618 0.957618545370904 0.9618 0.958102957535019 0.961623803289955 0.9618 0.965711274978726 0.9618
30102010 0.9761 0.9761 0.9761 0.977050983135012 0.976828814743963 0.9761 0.978470080233331 0.9761 0.976254414743248 0.9761 0.9761 0.971840677262073 0.9761 0.9761 0.973868046314942 0.973932890312166 0.9761 0.972513885719873 0.9761 0.972526151755359 0.9761 0.9761 0.980069427642685 0.9761
30092010 0.9667 0.9667 0.9667 0.967642672792732 0.967857729391088 0.9667 0.968927976919636 0.9667 0.966852927704434 0.9667 0.9667 0.961792671212011 0.9667 0.9667 0.964273402596764 0.964242211984977 0.9667 0.963780008870968 0.9667 0.963160568488787 0.9667 0.9667 0.97053190835892 0.9667
30082010 0.8918 0.8918 0.8918 0.892711433726673 0.892695229880475 0.8918 0.893244306477208 0.8918 0.891941078852606 0.891807417974329 0.8918 0.886279956503042 0.8918 0.8918 0.889561415574423 0.889532641613947 0.8918 0.889644469863705 0.8918 0.88853480394983 0.8918 0.8918 0.895335011766302 0.8918
30072010 0.8986 0.8986 0.8986 0.899382700911518 0.899989621654089 0.8986 0.899970918687658 0.8986 0.898734678925964 0.8986 0.8986 0.892710907987278 0.8986 0.8986 0.896344346305423 0.896315352942692 0.8986 0.897240617643903 0.8986 0.895309906738413 0.8986 0.8986 0.902176301492933 0.8986
30062010 0.8523 0.8523 0.8523 0.853720252418286 0.853513936817229 0.8523 0.853515054628764 0.8523 0.852427739649009 0.852285822056196 0.8523 0.846856852991173 0.8523 0.8523 0.850280151829286 0.850294511848184 0.8523 0.850837165361012 0.8523 0.849179427457322 0.852286405506024 0.8523 0.854637580508708 0.8523
30052010 0.8524 0.8524 0.8524 0.853971307806469 0.853602209553661 0.8524 0.853561171222441 0.8524 0.852541936605049 0.8524 0.8524 0.848825500962436 0.8524 0.8524 0.850379914841351 0.850394276545104 0.8524 0.851148397649793 0.8524 0.849292607846841 0.852223030579921 0.8524 0.854737854776045 0.8524
30042010 0.93 0.93 0.93 0.931774321719447 0.931187539914227 0.93 0.931117619096587 0.93 0.930154858097953 0.930030944815488 0.93 0.927003172822394 0.93 0.93 0.927796012203726 0.927811681354935 0.93 0.928050189516354 0.93 0.926802136243714 0.929821342731912 0.93 0.932550686229143 0.93
30032010 0.9159 0.9159 0.9159 0.917520919235261 0.916534252019622 0.9159 0.917512245965761 0.9159 0.916022030536772 0.915922864632261 0.9159 0.914642506659112 0.9159 0.9159 0.914307338186743 0.91363047258073 0.9159 0.914467807112126 0.9159 0.912925997258338 0.9157310004569 0.9159 0.916575187293397 0.9159
30022010 0.8899 0.8899 0.8899 0.891824860061602 0.890825661513613 0.8899 0.891321907134034 0.8899 0.889996348439188 0.88991481401335 0.8899 0.889212474960767 0.8899 0.8899 0.888352549680513 0.887694898514676 0.8899 0.888249961941425 0.8899 0.887174120516664 0.8899 0.8899 0.890556020496118 0.8899
30012010 0.8909 0.8909 0.8909 0.892895919422137 0.891074679707379 0.8909 0.89340742673367 0.8909 0.890981624689055 0.890892584392175 0.8909 0.89240973177164 0.8909 0.8909 0.889350810776907 0.88869242059414 0.8909 0.887479104724029 0.8909 0.888171057386555 0.890892843860567 0.8909 0.891556757680628 0.8909
30122009 0.8969 0.8969 0.8969 0.898262858839235 0.898611737165797 0.8969 0.900650684149775 0.8969 0.896989640708286 0.8969 0.8969 0.900802632512862 0.8969 0.8969 0.895962840306932 0.894759344001232 0.8969 0.893692934534396 0.8969 0.894159860930118 0.896712462003692 0.8969 0.896893272905232 0.8969
30112009 0.9178 0.9178 0.9178 0.917655045476578 0.919889454669857 0.9178 0.921856300731511 0.9178 0.917891729559667 0.9178 0.9178 0.923450295557023 0.9178 0.9178 0.916841002155984 0.915609461394058 0.9178 0.913672955272415 0.9178 0.915187370685033 0.917600200649081 0.9178 0.914780209350386 0.9178
30102009 0.9161 0.9161 0.9161 0.915112898251118 0.918426178143135 0.9161 0.921063588450339 0.9161 0.916191559653095 0.916077128662028 0.9161 0.920905875224341 0.9161 0.9161 0.915142778464913 0.913913518831005 0.9161 0.911049569674661 0.9161 0.913691114813945 0.915944523591634 0.9161 0.913085802773903 0.9161
30092009 0.8801 0.8801 0.8801 0.879007284911902 0.882606683751917 0.8801 0.885619026380699 0.8801 0.880209936938809 0.880092677214157 0.8801 0.888469707688639 0.8801 0.8801 0.879038893607523 0.879220481592901 0.8801 0.873936325371871 0.8801 0.877934775999897 0.8801 0.8801 0.877204251742509 0.8801
30082009 0.8393 0.8393 0.8393 0.837820206905981 0.842058852726263 0.8393 0.844745995771787 0.8393 0.839411824685569 0.8393 0.8393 0.849135767198669 0.8393 0.8393 0.838288084768542 0.838461254631203 0.8393 0.831903686504412 0.8393 0.837235152251692 0.8393 0.8393 0.836538493906928 0.8393
30072009 0.8281 0.8281 0.8281 0.827108098018643 0.831651545605554 0.8281 0.834049296275229 0.8281 0.828210332446228 0.828065560263629 0.8281 0.838266777063548 0.8281 0.8281 0.827101588224508 0.827272447229953 0.8281 0.820492348220239 0.8281 0.82606270651689 0.8281 0.8281 0.825375344697161 0.8281
30062009 0.8114 0.8114 0.8114 0.810529327979813 0.812317441957102 0.8114 0.817274770237379 0.8114 0.811541858512898 0.811420245773964 0.8114 0.821193107200919 0.8114 0.8114 0.809750239300949 0.811642411630975 0.8114 0.802990315695129 0.8114 0.809403791894463 0.8114 0.8114 0.808974185534781 0.8114
30052009 0.7912 0.7912 0.7912 0.790712844565442 0.789153520991437 0.7912 0.796582194413613 0.7912 0.79131858220145 0.791219747663348 0.7912 0.800090150075826 0.7912 0.7912 0.789591310494098 0.791436376734567 0.7912 0.782962781335068 0.7912 0.78925348797991 0.791238397516304 0.7912 0.788834576774857 0.7912
30042009 0.7265 0.7265 0.7265 0.726267035148191 0.723099122905723 0.7265 0.731986892818991 0.7265 0.726590750126173 0.726481867644906 0.7265 0.734827936675307 0.7265 0.7265 0.725022860305817 0.726717047140625 0.7265 0.719437442072763 0.7265 0.724677493935182 0.7266115195847 0.7265 0.72432800812302 0.7265
30032009 0.6873 0.6873 0.6873 0.68743195236851 0.683647232004409 0.6873 0.692659378512916 0.6873 0.687403010044308 0.687277136108546 0.6873 0.694548347050242 0.6873 0.6873 0.685234439502964 0.686329567015714 0.6873 0.681034133684835 0.6873 0.68547061002601 0.687355447545747 0.6873 0.686873358431873 0.6873
30022009 0.6454 0.6454 0.6454 0.6454 0.641030789747882 0.6454 0.650770200151963 0.6454 0.645518204191399 0.645437579908105 0.6454 0.651113799177193 0.6454 0.6454 0.643458661451556 0.64448986928971 0.6454 0.639163879381557 0.6454 0.64363021096351 0.645866500915603 0.6454 0.644999367862551 0.6454
30012009 0.6438 0.6438 0.6438 0.643843958897666 0.639508014050634 0.6438 0.648901066659217 0.6438 0.643880419726401 0.643794643325161 0.6438 0.648179694697837 0.6438 0.6438 0.641863474190442 0.642892125579044 0.6438 0.6368557564413 0.6438 0.641570865234354 0.643851440218048 0.6438 0.643408868266965 0.6438
30122008 0.6928 0.6928 0.6928 0.693411708060899 0.690579420537009 0.6928 0.697055876336975 0.6928 0.692892305662054 0.692667590092057 0.6928 0.696075065376312 0.6928 0.6928 0.690000427834559 0.689784312845592 0.6928 0.684811527856959 0.6928 0.690346045174383 0.693339880971804 0.6928 0.694995010010558 0.6928
30112008 0.6572 0.6572 0.6572 0.659197990493968 0.65807475494968 0.6572 0.661104426846648 0.6572 0.657413209156477 0.656884573588803 0.6572 0.659474318507158 0.6572 0.6572 0.65454428575761 0.654339275984589 0.6572 0.648539661677953 0.6572 0.654362215905845 0.65764033389226 0.6572 0.65928221792572 0.6572
30102008 0.668 0.668 0.668 0.670697333570817 0.670754775530716 0.668 0.671368053583087 0.668 0.668537580837493 0.667538967064182 0.668 0.670545020576265 0.668 0.668 0.665300643466347 0.665092264695231 0.668 0.659197343275826 0.668 0.664670242529127 0.668438795480293 0.668 0.669480382562013 0.668
30092008 0.7996 0.7996 0.7996 0.803102736165322 0.804196151015858 0.7996 0.803118158558935 0.7996 0.800796172227445 0.799475772989438 0.7996 0.800601435237521 0.7996 0.7996 0.796667046298299 0.79591929226232 0.7996 0.790086862591615 0.7996 0.795091980776508 0.799743062897577 0.7996 0.801372026791296 0.7996
30082008 0.8639 0.8639 0.8639 0.867788588031277 0.869788267454812 0.8639 0.868301798133357 0.8639 0.865326801086729 0.863892942368251 0.8639 0.864026737606095 0.8639 0.8639 0.860731192217484 0.859923307385466 0.8639 0.853816775674882 0.8639 0.858875799064973 0.8639 0.8639 0.865623080876296 0.8639
30072008 0.9434 0.9434 0.9434 0.947274588088634 0.949861223211605 0.9434 0.948071344501587 0.9434 0.944965821699276 0.943407707170027 0.9434 0.943144275427681 0.9434 0.9434 0.939939584139339 0.93905735407738 0.9434 0.932621333457806 0.9434 0.937913449285676 0.9434 0.9434 0.945281646601108 0.9434
30062008 0.9626 0.9626 0.9626 0.965858856029205 0.967401345014309 0.9626 0.967537466958882 0.9626 0.964189812161228 0.962615730428936 0.9626 0.962652477173253 0.9626 0.9626 0.959273454466657 0.959010550375461 0.9626 0.950191448520705 0.9626 0.957001787452186 0.9626 0.9626 0.964519941719554 0.9626
30052008 0.9559 0.9559 0.9559 0.959029367857804 0.960442624189493 0.9559 0.96094486386648 0.9559 0.957463100082759 0.955666037476448 0.9559 0.955736429197705 0.9559 0.9559 0.95259660827413 0.952335534078437 0.9559 0.943020423858508 0.9559 0.950340752779498 0.9559 0.9559 0.957806578318846 0.9559
30042008 0.9337 0.9337 0.9337 0.936711378148293 0.937389927230798 0.9337 0.938989918326166 0.9337 0.935455757021505 0.93344939405326 0.9337 0.932497230734861 0.9337 0.9337 0.930473326860085 0.930218315900237 0.9337 0.921302771548299 0.9337 0.928269861774471 0.933678232640407 0.9337 0.933721432096633 0.9337
30032008 0.918 0.918 0.918 0.920987809416313 0.920767786029508 0.918 0.923102416896532 0.918 0.919973155927448 0.917724687135213 0.918 0.916268585078207 0.918 0.918 0.91577414819284 0.915492035524126 0.918 0.905429991202009 0.918 0.912682445963328 0.917814287068715 0.918 0.918021071719727 0.918
30022008 0.9466 0.9466 0.9466 0.949957590132175 0.948674768764919 0.9466 0.951077394342009 0.9466 0.948919214671421 0.945868323291144 0.9466 0.944814643393279 0.9466 0.9466 0.944304802482943 0.944013900683156 0.9466 0.933050162727556 0.9466 0.941307207265346 0.946444984802664 0.9466 0.946621728202498 0.9466
30012008 0.8884 0.8884 0.8884 0.891376611878733 0.889619498804574 0.8884 0.892620220555327 0.8884 0.891265527722513 0.888186652431348 0.8884 0.887261420395433 0.8884 0.8884 0.886245918577907 0.885972902352542 0.8884 0.87563390778042 0.8884 0.883577319720168 0.8884 0.8884 0.889590780272336 0.8884
30122007 0.8816 0.8816 0.8816 0.884740140725035 0.883174192223659 0.8816 0.886041171653495 0.8816 0.88465604283656 0.881424032555041 0.8816 0.880055057987218 0.8816 0.8816 0.880244401534569 0.87879422111362 0.8816 0.869126931868896 0.8816 0.876814233526902 0.881565581993948 0.8816 0.882781665790287 0.8816
30112007 0.8865 0.8865 0.8865 0.88904383017405 0.888093447425035 0.8865 0.89104188822874 0.8865 0.889750622865661 0.886309375230939 0.8865 0.885193766686735 0.8865 0.8865 0.885136867014967 0.883678626380699 0.8865 0.874796125762987 0.8865 0.88172205664324 0.88636140854245 0.8865 0.887688233578822 0.8865
30102007 0.9216 0.9216 0.9216 0.923724304056637 0.923903082296414 0.9216 0.926607144876507 0.9216 0.925178269517158 0.92146816390462 0.9216 0.920310705267003 0.9216 0.9216 0.920182895252108 0.918666917171407 0.9216 0.910501889324338 0.9216 0.916776203894816 0.9216 0.9216 0.924975222953417 0.9216
30092007 0.8827 0.8827 0.8827 0.884116353719294 0.885784532052452 0.8827 0.887469278888519 0.8827 0.886254013423872 0.882643946655506 0.8827 0.881465125368038 0.8827 0.8827 0.881192688412957 0.880831087363074 0.8827 0.871327041073898 0.8827 0.878079812476079 0.882665458137858 0.8827 0.885932757488044 0.8827
30082007 0.8214 0.8214 0.8214 0.823004145925711 0.825428162748266 0.8214 0.825493864663177 0.8214 0.824759575347196 0.82124376598114 0.8214 0.820481116904585 0.8214 0.8214 0.819997365200411 0.819660875903511 0.8214 0.811784657076323 0.8214 0.817132642178463 0.821271284143167 0.8214 0.824408255353664 0.8214
30072007 0.8572 0.8572 0.8572 0.859116715516977 0.861770828414346 0.8572 0.861472048400571 0.8572 0.860869740841177 0.857206786719506 0.8572 0.856241068189201 0.8572 0.8572 0.855736232590446 0.855385077702081 0.8572 0.84777752726541 0.8572 0.852880302038265 0.8572 0.8572 0.861014329028252 0.8572
30062007 0.8487 0.8487 0.8487 0.850600897377049 0.853233137932357 0.8487 0.853008915578752 0.8487 0.852326603535138 0.8487 0.8487 0.847553627571983 0.8487 0.8487 0.84700053610532 0.848793356069734 0.8487 0.840312408163444 0.8487 0.844423136187443 0.8487 0.8487 0.852476506120249 0.8487
30052007 0.8244 0.8244 0.8244 0.826141169537478 0.827650386443657 0.8244 0.828718485783684 0.8244 0.827922766530421 0.8244 0.8244 0.823117205932872 0.8244 0.8244 0.822749195198805 0.824490683096369 0.8244 0.81638850682883 0.8244 0.820245591460973 0.8244 0.8244 0.8280683771009 0.8244
30042007 0.825 0.825 0.825 0.826930771538914 0.826741631227321 0.825 0.829055013989441 0.825 0.82852533040708 0.824993468269641 0.825 0.823438911572167 0.825 0.825 0.823347993739707 0.825090749095711 0.825 0.81670196137762 0.825 0.820842567873972 0.825 0.825 0.828671046953229 0.825
30032007 0.807 0.807 0.807 0.808613846292326 0.806772643981731 0.807 0.810650134748839 0.807 0.810454830679923 0.807 0.807 0.804736253156686 0.807 0.807 0.804847531824817 0.805952680856402 0.807 0.798966862765295 0.807 0.802933275483995 0.807 0.807 0.809444128866901 0.807
30022007 0.788 0.788 0.788 0.789299206954163 0.787220296026694 0.788 0.791507418337579 0.788 0.791373490180643 0.788006238841544 0.788 0.786327396219532 0.788 0.788 0.785898209514195 0.786977338927936 0.788 0.779923233831975 0.788 0.784029022405685 0.788 0.788 0.790386584321088 0.788
30012007 0.772 0.772 0.772 0.773613575314472 0.771343256801177 0.772 0.775312259061349 0.772 0.775298854635474 0.772006112745316 0.772 0.770089370803698 0.772 0.772 0.769940885463146 0.770998103619755 0.772 0.764348122238761 0.772 0.768109651392372 0.772 0.772 0.774338125756193 0.772
30122006 0.7913 0.7913 0.7913 0.792552725013977 0.790625690944462 0.7913 0.794585477526302 0.7913 0.794675033713679 0.791293734485662 0.7913 0.788862804364511 0.7913 0.7913 0.788759558479365 0.788047439932102 0.7913 0.78338273136844 0.7913 0.787312392677181 0.791262752711483 0.7913 0.791885082459847 0.7913
30112006 0.785 0.785 0.785 0.785843100402463 0.78522348759731 0.785 0.788094625166758 0.785 0.788354405296434 0.785 0.785 0.781893981217002 0.785 0.785 0.782479784413372 0.781773335456464 0.785 0.777049069886734 0.785 0.78108090660618 0.78488285741471 0.785 0.785580424277745 0.785
30102006 0.7692 0.7692 0.7692 0.770520561362004 0.771176569066152 0.7692 0.771967891872522 0.7692 0.772486889877729 0.7692 0.7692 0.765730080723507 0.7692 0.7692 0.766730509771676 0.766038279787404 0.7692 0.762396943609792 0.7692 0.765474016518142 0.7692 0.7692 0.767240071659169 0.7692
30092006 0.748 0.748 0.748 0.750309484017969 0.751206343767864 0.748 0.750881843118871 0.748 0.751196299569086 0.748 0.748 0.745130364220593 0.748 0.748 0.745576395870818 0.744981952740077 0.748 0.74152625322781 0.748 0.74437670873059 0.747994119242573 0.748 0.746094089444953 0.748
30082006 0.7627 0.7627 0.7627 0.76528326130564 0.765974971778639 0.7627 0.765736967979562 0.7627 0.765959114547249 0.762706039107322 0.7627 0.759690668777022 0.7627 0.7627 0.760228766217478 0.759622640848739 0.7627 0.756164449675686 0.7627 0.759011469667324 0.762555931181654 0.7627 0.760756633716131 0.7627
30072006 0.7658 0.7658 0.7658 0.768459409240121 0.769659330567042 0.7658 0.768845800578759 0.7658 0.769066271727456 0.765951793324607 0.7658 0.762970599023913 0.7658 0.7658 0.763318721868814 0.762710132898865 0.7658 0.760003047899923 0.7658 0.762240459621805 0.7658 0.7658 0.763848734888964 0.7658
30062006 0.7433 0.7433 0.7433 0.745830686084226 0.746291287886759 0.7433 0.746169521606201 0.7433 0.74632237270937 0.74332950645323 0.7433 0.74066895163546 0.7433 0.7433 0.741485119242545 0.741583186972698 0.7433 0.737530449548613 0.7433 0.73984504261803 0.743288284248403 0.7433 0.742719397866596 0.7433
30052006 0.7636 0.7636 0.7636 0.765816767999096 0.765023313570666 0.7636 0.766652294983359 0.7636 0.766674481307883 0.763691027230596 0.7636 0.760662488836572 0.7636 0.7636 0.76173555368439 0.761836299707188 0.7636 0.757922218766203 0.7636 0.760062665476274 0.76346143687437 0.7636 0.763003541249742 0.7636
30042006 0.7542 0.7542 0.7542 0.756240120610679 0.754852141499333 0.7542 0.757084530020261 0.7542 0.757146376197779 0.754320078368993 0.7542 0.751957501395431 0.7542 0.7542 0.752358505223634 0.752458011051808 0.7542 0.748592112877777 0.7542 0.750842458591048 0.7542 0.7542 0.754521087675203 0.7542
30032006 0.7159 0.7159 0.7159 0.718007665099444 0.71725302709426 0.7159 0.71864171584956 0.7159 0.718582344900594 0.715957069749146 0.7159 0.713977591146455 0.7159 0.7159 0.714256855156177 0.714149790387154 0.7159 0.711290010809128 0.7159 0.712712962218684 0.7159 0.7159 0.716204782109092 0.7159
30022006 0.7382 0.7382 0.7382 0.740655261556864 0.740031393652161 0.7382 0.741069185819779 0.7382 0.740906835645156 0.738317868754771 0.7382 0.736319537805814 0.7382 0.7382 0.736505671848428 0.736395272054473 0.7382 0.733030159667387 0.7382 0.734913687260557 0.7382 0.7382 0.738514275950457 0.7382
30012006 0.751 0.751 0.751 0.753118992023523 0.752433116124007 0.751 0.753471888905397 0.751 0.753633437733206 0.751078064353365 0.751 0.749253848562507 0.751 0.751 0.749276293088824 0.749163979020467 0.751 0.744306189237764 0.751 0.74765670432495 0.751 0.751 0.751319725330253 0.751
30122005 0.7337 0.7337 0.7337 0.73581626050862 0.735743628968216 0.7337 0.736011103487639 0.7337 0.736196248443102 0.733793997840433 0.7337 0.73204086244228 0.7337 0.7337 0.731877800636263 0.731811770765085 0.7337 0.728101332125859 0.7337 0.730433720323856 0.7337 0.7337 0.7344526187411 0.7337
30112005 0.7487 0.7487 0.7487 0.751348316290536 0.751652291341379 0.7487 0.751180601442859 0.7487 0.751151048974932 0.748832133824118 0.7487 0.747503754522164 0.7487 0.7487 0.746840547003366 0.746773167196155 0.7487 0.742627662222519 0.7487 0.745366943446192 0.7487 0.7487 0.749468005521959 0.7487
30102005 0.7487 0.7487 0.7487 0.751525447995521 0.752105633846177 0.7487 0.751085069196482 0.7487 0.751018505970822 0.748796271074644 0.7487 0.747475121517197 0.7487 0.7487 0.746840547003366 0.746773167196155 0.7487 0.742197019152377 0.7487 0.745366943446192 0.7487 0.7487 0.749468005521959 0.7487
30092005 0.7615 0.7615 0.7615 0.763825795336493 0.764545465041951 0.7615 0.763907867163769 0.7615 0.763759936298843 0.761573535810402 0.7615 0.759539294799955 0.7615 0.7615 0.759939727044279 0.759866094770115 0.7615 0.755639794251693 0.7615 0.758109960510585 0.7615 0.7615 0.761936433076621 0.7615
30082005 0.7471 0.7471 0.7471 0.749052632125715 0.750216784813809 0.7471 0.749379806759597 0.7471 0.749244848433022 0.747244548772999 0.7471 0.74524662284829 0.7471 0.7471 0.745569231877585 0.74549699199311 0.7471 0.741252640951063 0.7471 0.743774066313143 0.7471 0.7471 0.747528180107083 0.7471
30072005 0.7595 0.7595 0.7595 0.761089707659956 0.762337246380234 0.7595 0.761744148832357 0.7595 0.761533106289343 0.759635001545545 0.7595 0.757058924839895 0.7595 0.7595 0.757943824937794 0.757870386051087 0.7595 0.753028034854901 0.7595 0.756118864094274 0.7595 0.7595 0.759935286830851 0.7595
30062005 0.7637 0.7637 0.7637 0.765473964744079 0.765978400345686 0.7637 0.765696569997297 0.7637 0.765608261980937 0.7637247108123 0.7637 0.762008511395188 0.7637 0.7637 0.76221618886694 0.761872029315058 0.7637 0.757428148835156 0.7637 0.760300166568528 0.7637 0.7637 0.76451420644285 0.7637
30052005 0.7557 0.7557 0.7557 0.757857243640048 0.758066383829644 0.7557 0.758258052440137 0.7557 0.75756376006693 0.755828537628293 0.7557 0.753787611821604 0.7557 0.7557 0.754231732259718 0.753891177888424 0.7557 0.749656519416973 0.7557 0.752335780903282 0.7557 0.7557 0.756505677371823 0.7557
30042005 0.7811 0.7811 0.7811 0.783163688042829 0.783442892819311 0.7811 0.784199383406389 0.7811 0.782893240370458 0.781201405362614 0.7811 0.778630756649205 0.7811 0.7811 0.779582381987648 0.779230381167987 0.7811 0.775805064764748 0.7811 0.777622705390438 0.781093829905718 0.7811 0.781932757172332 0.7811
30032005 0.7719 0.7719 0.7719 0.773836717108531 0.77352874757879 0.7719 0.775183125788869 0.7719 0.773571691107556 0.771981535541 0.7719 0.76970964108592 0.7719 0.7719 0.770251508068244 0.770393063119477 0.7719 0.766392973504303 0.7719 0.768469732200204 0.771753501550321 0.7719 0.77165251652911 0.7719
30022005 0.7905 0.7905 0.7905 0.792434674468967 0.791336194642933 0.7905 0.794095504256723 0.7905 0.792128300571311 0.790641554869848 0.7905 0.787968954468233 0.7905 0.7905 0.788811785371094 0.788956751387416 0.7905 0.784623332334107 0.7905 0.78713646531431 0.7905 0.7905 0.79024655307198 0.7905
30012005 0.7744 0.7744 0.7744 0.776479902303385 0.77475096327388 0.7744 0.777925414844351 0.7744 0.775856204602606 0.774475761883121 0.7744 0.771648219239486 0.7744 0.7744 0.772746168996047 0.772888182510329 0.7744 0.768741754430712 0.7744 0.771104969942317 0.7744 0.7744 0.774151714989173 0.7744
30122004 0.779 0.779 0.779 0.781266670408601 0.780295301797814 0.779 0.782283211083838 0.779 0.780388506821523 0.779146329971481 0.779 0.776570075525725 0.779 0.779 0.777511154732652 0.777837675169425 0.779 0.772971507302287 0.779 0.775685397191458 0.779 0.779 0.778943457165921 0.779
30112004 0.7775 0.7775 0.7775 0.779580564120522 0.779504360584417 0.7775 0.780362193466027 0.7775 0.77873955214028 0.777608158004736 0.7775 0.774226033711805 0.7775 0.7775 0.776014021572063 0.776339913278855 0.7775 0.771900606295675 0.7775 0.774191779610216 0.7775 0.7775 0.777443566041725 0.7775
30102004 0.7461 0.7461 0.7461 0.747700424715586 0.74780461810854 0.7461 0.748571555088671 0.7461 0.747185550808385 0.746191722721606 0.7461 0.743286420222547 0.7461 0.7461 0.744674034077062 0.744986764369587 0.7461 0.741279815460097 0.7461 0.742925384909559 0.7461 0.7461 0.746045845175217 0.7461
30092004 0.7147 0.7147 0.7147 0.716237310043738 0.716778462459376 0.7147 0.716546141487449 0.7147 0.715651885302386 0.714805607711259 0.7147 0.711689565840528 0.7147 0.7147 0.713247329556353 0.713042624705948 0.7147 0.709595808623442 0.7147 0.711658990208902 0.7147 0.7147 0.715268101186823 0.7147
30082004 0.7011 0.7011 0.7011 0.702826971994154 0.703791478227392 0.7011 0.703190039473692 0.7011 0.701930051153402 0.701198011214752 0.7011 0.698336660383594 0.7011 0.7011 0.699674972368769 0.699474162839429 0.7011 0.695309457114635 0.7011 0.698116857472312 0.7011 0.7011 0.701657290810244 0.7011
30072004 0.6986 0.6986 0.6986 0.700481515073911 0.702039504095074 0.6986 0.701117852809642 0.6986 0.699329327654902 0.698732395153992 0.6986 0.695409548909311 0.6986 0.6986 0.69718005376811 0.696979960290437 0.6986 0.693612786424393 0.6986 0.695627494836909 0.6986 0.6986 0.699155303608668 0.6986
30062004 0.6889 0.6889 0.6889 0.690600061524566 0.691764593221357 0.6889 0.691670705842369 0.6889 0.689488532609521 0.688917049659206 0.6889 0.685398461833886 0.6889 0.6889 0.687774825040921 0.687294722710704 0.6889 0.684812688491302 0.6889 0.685968767811547 0.6889 0.6889 0.688331776369698 0.6889
30052004 0.7143 0.7143 0.7143 0.715667514886113 0.716247956020923 0.7143 0.7169385064431 0.7143 0.714892539075078 0.7143 0.7143 0.711496057341431 0.7143 0.7143 0.713132138032464 0.712631320178684 0.7143 0.709083996231332 0.7143 0.711260692187238 0.7143 0.7143 0.713710825752469 0.7143
30042004 0.722 0.722 0.722 0.723036849752309 0.723478011905361 0.722 0.724670938340124 0.722 0.722598926518558 0.722 0.722 0.719995060230297 0.722 0.722 0.72081954873224 0.72031333216997 0.722 0.71663320666211 0.722 0.718927929104278 0.722 0.722 0.721400874676818 0.722
30032004 0.7589 0.7589 0.7589 0.759944333444145 0.760044574668137 0.7589 0.761503222994926 0.7589 0.759529536474977 0.758893738784631 0.7589 0.75721918151221 0.7589 0.7589 0.757426250150689 0.757570516104912 0.7589 0.752787993304992 0.7589 0.755670921602821 0.7589 0.7589 0.758377234996092 0.7589
30022004 0.7708 0.7708 0.7708 0.77202857394298 0.771649135474348 0.7708 0.773278281619471 0.7708 0.771445772701332 0.77080635944739 0.7708 0.769297343161778 0.7708 0.7708 0.769303140883056 0.769449669012606 0.7708 0.76422215559426 0.7708 0.767520287747337 0.7708 0.7708 0.770269037732228 0.7708
30012004 0.7644 0.7644 0.7644 0.765570711430646 0.764716587443509 0.7644 0.767180862189002 0.7644 0.765034098934606 0.764412615214544 0.7644 0.762937669309346 0.7644 0.7644 0.762915569396741 0.763060880894182 0.7644 0.758071411304099 0.7644 0.761147519400706 0.764387894432575 0.7644 0.763873446344727 0.7644
30122003 0.75 0.75 0.75 0.751094119630336 0.750724989891785 0.75 0.753105592773986 0.75 0.750609765957245 0.749987622638978 0.75 0.749004703341254 0.75 0.75 0.748399724673146 0.749299987239995 0.75 0.744261105764079 0.75 0.74682061778895 0.749851353799373 0.75 0.749916629600884 0.75
30112003 0.7206 0.7206 0.7206 0.721800039625469 0.721394490136125 0.7206 0.724191022422413 0.7206 0.721197765165198 0.720594054774285 0.7206 0.720215073074469 0.7206 0.7206 0.719062455465958 0.719927427740187 0.7206 0.715324730424723 0.7206 0.717687491596774 0.720468304549503 0.7206 0.72051989772053 0.7206
30102003 0.7046 0.7046 0.7046 0.705920767525862 0.705181594221711 0.7046 0.708787007904643 0.7046 0.70519031064525 0.7046 0.7046 0.704940195682087 0.7046 0.7046 0.703096594672931 0.703942361345734 0.7046 0.698785517449263 0.7046 0.701880434414505 0.7046 0.7046 0.70509985485474 0.7046
30092003 0.6801 0.6801 0.6801 0.681283277970321 0.680946074726984 0.6801 0.684524658880942 0.6801 0.680669784657727 0.680088779542137 0.6801 0.680661895128984 0.6801 0.6801 0.678597452802592 0.678650014674321 0.6801 0.673945656137937 0.6801 0.677474997793507 0.6801 0.6801 0.680582474150878 0.6801
30082003 0.64 0.64 0.64 0.641117241946271 0.64133529755321 0.64 0.644174937922861 0.64 0.640546756960507 0.640010559052359 0.64 0.640743960503488 0.64 0.64 0.638586045866283 0.638635508589274 0.64 0.634144246173031 0.64 0.637529772956689 0.64 0.64 0.640454026549863 0.64
30072003 0.6529 0.6529 0.6529 0.654040717231787 0.6546302955269 0.6529 0.657211604652184 0.6529 0.653446996622599 0.652787012160071 0.6529 0.653464294014869 0.6529 0.6529 0.651457545853275 0.651508005559276 0.6529 0.646153840307136 0.6529 0.650379982442847 0.6529 0.6529 0.653363178022509 0.6529
30062003 0.6674 0.6674 0.6674 0.668520776506912 0.668702258349405 0.6674 0.671664932453816 0.6674 0.66807475856916 0.66737802617471 0.6674 0.667833484357609 0.6674 0.6674 0.665519223679522 0.665175817194861 0.6674 0.661396728505629 0.6674 0.664824016361397 0.6674 0.6674 0.667376874005622 0.6674
30052003 0.6522 0.6522 0.6522 0.65338561610653 0.653653391500764 0.6522 0.656306559899294 0.6522 0.652880886768575 0.6522 0.6522 0.652425273850977 0.6522 0.6522 0.650362058261589 0.650026472841607 0.6522 0.646361941391698 0.6522 0.649682684253676 0.6522 0.6522 0.652177400698931 0.6522
30042003 0.623 0.623 0.623 0.624571367390359 0.624822063354647 0.623 0.626610726303786 0.623 0.623650402417698 0.623005127339919 0.623 0.622763810253963 0.623 0.623 0.62124434574819 0.620923785005092 0.623 0.618357739109503 0.623 0.620595388362527 0.623 0.623 0.622978412504499 0.623
30032003 0.6036 0.6036 0.6036 0.605088220935177 0.604949600428109 0.6036 0.606945024023581 0.6036 0.604225176294472 0.60359503236452 0.6036 0.602728024256304 0.6036 0.6036 0.602097844495213 0.602219818590053 0.6036 0.599778856146741 0.6036 0.601270267119777 0.6036 0.6036 0.604784942458933 0.6036
30022003 0.6054 0.6054 0.6054 0.606687332736053 0.606250644209151 0.6054 0.608589037448257 0.6054 0.606032028288402 0.605409965514152 0.6054 0.60441019807565 0.6054 0.6054 0.603893364906233 0.604015702740918 0.6054 0.602194938564515 0.6054 0.603063319606218 0.6054 0.6054 0.606588476084556 0.6054
30012003 0.5884 0.5884 0.5884 0.589529295709721 0.588897170447598 0.5884 0.591474377414013 0.5884 0.589004584921323 0.5884 0.5884 0.587380943770988 0.5884 0.5884 0.586935672135493 0.587054574649416 0.5884 0.58523494066135 0.5884 0.586128935012056 0.5884 0.5884 0.589169340886001 0.5884
30122002 0.5662 0.5662 0.5662 0.567243285030128 0.566996908190141 0.5662 0.56946106681899 0.5662 0.566781774273374 0.566153419492265 0.5662 0.565650778611873 0.5662 0.5662 0.564715102045767 0.564895896882981 0.5662 0.563457742618325 0.5662 0.564014621012621 0.5662 0.5662 0.566940314088467 0.5662
30112002 0.5608 0.5608 0.5608 0.561752963943805 0.561589307864767 0.5608 0.564097382081578 0.5608 0.561422413199521 0.560611340099739 0.5608 0.560256016682336 0.5608 0.5608 0.559329263912515 0.559508334461278 0.5608 0.55773310606287 0.5608 0.558635463553299 0.5608 0.5608 0.561533253516094 0.5608
30102002 0.5534 0.5534 0.5534 0.554104533012984 0.554573218670276 0.5534 0.556178673849493 0.5534 0.554200639982308 0.5534 0.5534 0.552731021483943 0.5534 0.5534 0.551948670915096 0.552125378550056 0.5534 0.550239871836193 0.5534 0.551264025553487 0.5534 0.5534 0.554645069388885 0.5534
30092002 0.5435 0.5435 0.5435 0.544309747911136 0.544964886659406 0.5435 0.547002540011179 0.5435 0.54428631700467 0.543504451506431 0.5435 0.543307963293785 0.5435 0.5435 0.542231067089869 0.542037606013296 0.5435 0.540381632922246 0.5435 0.541402236878063 0.5435 0.5435 0.544722795830971 0.5435
30082002 0.5532 0.5532 0.5532 0.553868246237941 0.554775656710261 0.5532 0.556735417718423 0.5532 0.553995813157421 0.55320453139911 0.5532 0.553106213411971 0.5532 0.5532 0.55190842008117 0.551711506249412 0.5532 0.550580437384535 0.5532 0.551064797499438 0.5532 0.5532 0.554444619418018 0.5532
30072002 0.5478 0.5478 0.5478 0.548305517106287 0.549440513435084 0.5478 0.551164059122202 0.5478 0.54858355133156 0.547791026218549 0.5478 0.547721936404059 0.5478 0.5478 0.54652102769426 0.546326036014873 0.5478 0.544591635239813 0.5478 0.545685640040116 0.54778692429785 0.5478 0.549719772489532 0.5478
30062002 0.5648 0.5648 0.5648 0.565362036623858 0.566086579813832 0.5648 0.568387817930597 0.5648 0.565617133108073 0.5648 0.5648 0.565559357161628 0.5648 0.5648 0.563438480121417 0.563138483561666 0.5648 0.562525021779752 0.5648 0.562633454403298 0.564673998809814 0.5648 0.566779349218853 0.5648
30052002 0.5674 0.5674 0.5674 0.568168057225067 0.568529809667256 0.5674 0.570661940194342 0.5674 0.56822089469816 0.5674 0.5674 0.568362595838706 0.5674 0.5674 0.56603221250158 0.565730834937835 0.5674 0.562941356981549 0.5674 0.565349604729991 0.567309374024101 0.5674 0.569388460953926 0.5674
30042002 0.5397 0.5397 0.5397 0.540356980553242 0.539930394999704 0.5397 0.543328218865682 0.5397 0.540480819296082 0.539708841236196 0.5397 0.541005184270907 0.5397 0.5397 0.538398986759081 0.538112322199418 0.5397 0.535210074653601 0.5397 0.537835607242784 0.539695685247733 0.5397 0.540781410229158 0.5397
30032002 0.5316 0.5316 0.5316 0.532096488508968 0.531751994317865 0.5316 0.53560294420077 0.5316 0.532360379495906 0.531595645567543 0.5316 0.53345624549761 0.5316 0.5316 0.530240228759113 0.530548143293031 0.5316 0.527189102115745 0.5316 0.529767824026651 0.531604250028984 0.5316 0.532665180058959 0.5316
30022002 0.5164 0.5164 0.5164 0.516884380414348 0.51617813092241 0.5164 0.520348101047073 0.5164 0.517142874031982 0.516404229961136 0.5164 0.51868006733315 0.5164 0.5164 0.515079108598958 0.515378218955081 0.5164 0.511821235217811 0.5164 0.514616097054241 0.5164 0.5164 0.517434723443278 0.5164
30012002 0.5078 0.5078 0.5078 0.508462217280223 0.507218658337435 0.5078 0.511991672130631 0.5078 0.508526336922538 0.507762580595198 0.5078 0.510327746186806 0.5078 0.5078 0.506501106403081 0.506795235448083 0.5078 0.503791396789761 0.5078 0.506045805740015 0.507812177020095 0.5078 0.507960322645444 0.5078
30122001 0.5106 0.5106 0.5106 0.511375251732521 0.510453926442025 0.5106 0.514853379108878 0.5106 0.511368024261029 0.510487330301283 0.5106 0.513219041461362 0.5106 0.5106 0.509540434710157 0.50964048830543 0.5106 0.507791700953403 0.5106 0.508823931570721 0.510689689840951 0.5106 0.510761206661607 0.5106
30112001 0.52 0.52 0.52 0.520902027111749 0.520372573460133 0.52 0.524290509909632 0.52 0.520897105240198 0.519830574528239 0.52 0.522820967193436 0.52 0.52 0.518920928416141 0.519022823969494 0.52 0.516768369285301 0.52 0.51810022735955 0.520008293527087 0.52 0.520164174430152 0.52
30102001 0.5053 0.5053 0.5053 0.50639496911055 0.506314816115154 0.5053 0.509653833555458 0.5053 0.506336718490908 0.505062432803338 0.5053 0.507830039917649 0.5053 0.5053 0.504251432939762 0.504350447984202 0.5053 0.502581394201027 0.5053 0.503445902966437 0.50539659725101 0.5053 0.505162219210285 0.5053
30092001 0.4923 0.4923 0.4923 0.493407683685059 0.493079017408969 0.4923 0.495938028917651 0.4923 0.493542085736824 0.492069843267523 0.4923 0.49432518018609 0.4923 0.4923 0.489906547826008 0.490755768000954 0.4923 0.489689768133426 0.4923 0.490399855041528 0.492393896664771 0.4923 0.492165763936718 0.4923
30082001 0.5342 0.5342 0.5342 0.53540195942425 0.535432669827662 0.5342 0.538150058530311 0.5342 0.535798293286738 0.53414849346197 0.5342 0.535656503552678 0.5342 0.5342 0.531602839424443 0.532524337327056 0.5342 0.531165239359429 0.5342 0.532036656704416 0.534204239901268 0.5342 0.534054339010755 0.5342
30072001 0.5041 0.5041 0.5041 0.505454092524511 0.505994916747757 0.5041 0.507654484732339 0.5041 0.505656990428402 0.504019120099692 0.5041 0.505663855085408 0.5041 0.5041 0.501649178872822 0.502518754111885 0.5041 0.501169336802011 0.5041 0.502054567545673 0.5041 0.5041 0.5035028472534 0.5041
30062001 0.5075 0.5075 0.5075 0.509016134904926 0.509187929430768 0.5075 0.510921044993671 0.5075 0.509149181863688 0.507402497555572 0.5075 0.508697119404754 0.5075 0.5075 0.505047015886706 0.506347441019351 0.5075 0.504382540658209 0.5075 0.505440771730666 0.507495972046396 0.5075 0.506898819641144 0.5075
30052001 0.51 0.51 0.51 0.511378347167861 0.511404480620867 0.51 0.513357225245235 0.51 0.511755625960516 0.509760115124111 0.51 0.510410732015658 0.51 0.51 0.507534932221124 0.508841763388905 0.51 0.506764462090752 0.51 0.507934659152475 0.510024281667997 0.51 0.509395858161544 0.51
30042001 0.5088 0.5088 0.5088 0.509991646883347 0.509983274457832 0.5088 0.512109838800714 0.5088 0.510791752362414 0.508594206186796 0.5088 0.508441168581211 0.5088 0.5088 0.506340732380603 0.507644488651519 0.5088 0.505762435957617 0.5088 0.506715393493775 0.508997350932986 0.5088 0.508197279671752 0.5088
30032001 0.489 0.489 0.489 0.490366350003037 0.490426939384338 0.489 0.49199842359615 0.489 0.491112883054516 0.488930412904488 0.489 0.488518780485686 0.489 0.489 0.486709837689844 0.485780523697218 0.489 0.486029884560939 0.489 0.486807695490499 0.489115682223293 0.489 0.490260962975501 0.489
30022001 0.525 0.525 0.525 0.526500960368561 0.526158711222386 0.525 0.527976273066597 0.525 0.527343476287266 0.524797291346693 0.525 0.523968153392707 0.525 0.525 0.522541236783575 0.52154350703689 0.525 0.522228144061025 0.525 0.522522686189065 0.525165058200491 0.525 0.526353794605599 0.525
30012001 0.5466 0.5466 0.5466 0.548118957971842 0.547442206086998 0.5466 0.549365365103788 0.5466 0.549251966219082 0.546419871244853 0.5466 0.545187252688732 0.5466 0.5466 0.544040076239814 0.543001297040694 0.5466 0.543990734188469 0.5466 0.543849777914786 0.546595712352673 0.5466 0.548009493583658 0.5466
30122000 0.554 0.554 0.554 0.555563841354167 0.555385942417875 0.554 0.556653205023151 0.554 0.55687138279241 0.553952298011856 0.554 0.551866928170319 0.554 0.554 0.551284467359664 0.549906328145594 0.554 0.550440383434473 0.554 0.551216868621158 0.553995653896389 0.554 0.5559029573835 0.554
30112000 0.5227 0.5227 0.5227 0.524180233998819 0.524070468295328 0.5227 0.525284319001496 0.5227 0.525454398926174 0.5227 0.5227 0.520486224007192 0.5227 0.5227 0.520137890052159 0.518837613216068 0.5227 0.519776846164317 0.5227 0.520078190508991 0.522704100588771 0.5227 0.524495443726273 0.5227
30102000 0.5148 0.5148 0.5148 0.516260467529378 0.515998975329717 0.5148 0.517267700375167 0.5148 0.517512769403471 0.514795972414006 0.5148 0.512420034459983 0.5148 0.5148 0.512276613351543 0.51099598868114 0.5148 0.512328333803029 0.5148 0.512213797772874 0.514804038233002 0.5148 0.517162119844225 0.5148
30092000 0.5433 0.5433 0.5433 0.544792465079258 0.544670305646937 0.5433 0.545785459676643 0.5433 0.546167224849206 0.543308501615692 0.5433 0.540768244689937 0.5433 0.5433 0.541880780827671 0.541790014298912 0.5433 0.540922694327043 0.5433 0.540566381890053 0.5433 0.5433 0.545792889882222 0.5433
30082000 0.5748 0.5748 0.5748 0.576467583988453 0.576994182477014 0.5748 0.577292100782831 0.5748 0.577824421870332 0.574782013048779 0.5748 0.57210680489897 0.5748 0.5748 0.573298495894985 0.573202466812101 0.5748 0.5718533431233 0.5748 0.571907889398864 0.574687161757513 0.5748 0.577437425187375 0.5748
30072000 0.5822 0.5822 0.5822 0.583950060392593 0.584479315736838 0.5822 0.584776914324865 0.5822 0.585281673357371 0.582204554076731 0.5822 0.579458174752212 0.5822 0.5822 0.580866817755018 0.580798159478117 0.5822 0.578683813232484 0.5822 0.579384394441217 0.58220457727793 0.5822 0.583237559675284 0.5822
30062000 0.5986 0.5986 0.5986 0.600106524753274 0.600357467725933 0.5986 0.601313422352352 0.5986 0.601763773949367 0.598721907835944 0.5986 0.595780323825516 0.5986 0.5986 0.597229263325582 0.597158671012711 0.5986 0.594984765717906 0.5986 0.595700398190015 0.59859058723629 0.5986 0.599666786708391 0.5986
30052000 0.5735 0.5735 0.5735 0.574917774648404 0.575193368135188 0.5735 0.576286253078854 0.5735 0.576413723705808 0.573612573317545 0.5735 0.570693190880293 0.5735 0.5735 0.572186739921853 0.572119107627447 0.5735 0.570036356731071 0.5735 0.570730956427679 0.573382620992622 0.5735 0.574522055090648 0.5735
30042000 0.5909 0.5909 0.5909 0.592688958173058 0.592762329316942 0.5909 0.593639013006427 0.5909 0.593785570926125 0.590979026241437 0.5909 0.588465214651419 0.5909 0.5909 0.589546895588183 0.589477211328786 0.5909 0.587331269733897 0.5909 0.58816732458561 0.590792764924869 0.5909 0.592783401089736 0.5909
30032000 0.6055 0.6055 0.6055 0.607071291420989 0.60705444611414 0.6055 0.608113306730003 0.6055 0.608375504427604 0.605557238745047 0.6055 0.602746072006795 0.6055 0.6055 0.604595462429919 0.604019475670288 0.6055 0.602140279244026 0.6055 0.602809201771244 0.605485648427868 0.6055 0.607429936300279 0.6055
30022000 0.6143 0.6143 0.6143 0.615655564219559 0.615519907146648 0.6143 0.617252330930248 0.6143 0.617158954526549 0.614435763414292 0.6143 0.611542097839808 0.6143 0.6143 0.613382316384309 0.612797958553688 0.6143 0.610891450932461 0.6143 0.611584590996611 0.614066514231191 0.6143 0.615187304513169 0.6143
30012000 0.6382 0.6382 0.6382 0.639611667107446 0.639538755820453 0.6382 0.64127457187058 0.6382 0.641028514665528 0.638275710315799 0.6382 0.635609150256372 0.6382 0.6382 0.637246612919528 0.636639520021103 0.6382 0.634305696356043 0.6382 0.635620534467195 0.638194933734482 0.6382 0.639121826046402 0.6382
30121999 0.6538 0.6538 0.6538 0.65521572317702 0.655171480030417 0.6538 0.656998213074108 0.6538 0.656619758694817 0.653737949027648 0.6538 0.651504668601963 0.6538 0.6538 0.652864863956703 0.652379971721292 0.6538 0.649810504978973 0.6538 0.65116265182943 0.653805190145238 0.6538 0.654744358930018 0.6538
30111999 0.6376 0.6376 0.6376 0.638946886990236 0.638869989365198 0.6376 0.640903149870264 0.6376 0.640410670309899 0.637711008974814 0.6376 0.635889466657186 0.6376 0.6376 0.636688034962976 0.636215157493876 0.6376 0.632915866894493 0.6376 0.63502295953664 0.637483473467614 0.6376 0.638520959397032 0.6376
30101999 0.6446 0.6446 0.6446 0.645994256332192 0.646471506605361 0.6446 0.648198756134835 0.6446 0.647328824925562 0.644589788757464 0.6446 0.643320597263136 0.6446 0.6446 0.643678022799771 0.643199953764982 0.6446 0.639864441342833 0.6446 0.642112018199815 0.6446 0.6446 0.645306305778603 0.6446
30091999 0.6536 0.6536 0.6536 0.65482166257904 0.655314296401052 0.6536 0.657590072089973 0.6536 0.656377322990052 0.65367770685286 0.6536 0.652270903010917 0.6536 0.6536 0.653020013022086 0.653245942499407 0.6536 0.647968600296921 0.6536 0.651077280632019 0.653589599726277 0.6536 0.654316167323759 0.6536
30081999 0.6379 0.6379 0.6379 0.639030504190687 0.639448541648103 0.6379 0.64189268126769 0.6379 0.640534455964861 0.63794049130574 0.6379 0.636033641745395 0.6379 0.6379 0.637333944777829 0.63755444724659 0.6379 0.632403871067023 0.6379 0.635447989822821 0.637905075528224 0.6379 0.638598964406098 0.6379
30071999 0.652 0.652 0.652 0.653057175288069 0.653516688393625 0.652 0.65606112361748 0.652 0.654651132794981 0.652119168664353 0.652 0.650550509682716 0.652 0.652 0.65142143281885 0.651646809225234 0.652 0.64672213097013 0.652 0.649488623399655 0.652010373988687 0.652 0.65360771685667 0.652
30061999 0.6596 0.6596 0.6596 0.660736451246047 0.661072921012158 0.6596 0.663818311297263 0.6596 0.662161009736889 0.659610494912481 0.6596 0.658664113224599 0.6596 0.6596 0.658916476168745 0.659146125584164 0.6596 0.654780479524054 0.6596 0.657048895362891 0.659594752856849 0.6596 0.661226457114508 0.6596
30051999 0.6491 0.6491 0.6491 0.650318185634315 0.650539950925603 0.6491 0.653304029903142 0.6491 0.65160987391088 0.6491 0.6491 0.64802773215155 0.6491 0.6491 0.64843182579405 0.648659371490739 0.6491 0.644390113393934 0.6491 0.646594649415917 0.649094835891781 0.6491 0.65070056596881 0.6491
30041999 0.6598 0.6598 0.6598 0.66074042835812 0.660736407176437 0.6598 0.664056397654404 0.6598 0.662351247583421 0.65976326674935 0.6598 0.658933306744341 0.6598 0.6598 0.659120811367916 0.65935210801046 0.6598 0.6550124739136 0.6598 0.657258579323761 0.6598 0.6598 0.661425650075948 0.6598
30031999 0.6293 0.6293 0.6293 0.630136078901742 0.630002514313493 0.6293 0.633558621873928 0.6293 0.631768485926634 0.629325023958734 0.6293 0.628325233999632 0.6293 0.6293 0.628477415611763 0.628525309106892 0.6293 0.625115341702585 0.6293 0.626876059364115 0.629289985438833 0.6293 0.629649180326885 0.6293
30021999 0.6225 0.6225 0.6225 0.623361628635979 0.623195755367677 0.6225 0.626836531527836 0.6225 0.624916962645867 0.622564416636744 0.6225 0.621617791917448 0.6225 0.6225 0.621686304176581 0.621733680151025 0.6225 0.618360559685141 0.6225 0.620112119982389 0.6225 0.6225 0.622845407204014 0.6225
