30042017 1.3662 1.3662 1.3662 1.3679602237597 1.36812860000744 1.3662 1.3749491995831 1.3662 1.36682460204165 1.3662453006621 1.3662 1.36314549190446 1.3662 1.3662 1.36352367769386 1.36395042003754 1.3662 1.35922313641036 1.3662 1.36518031416395 1.36607582000025 1.3662 1.36796629243005 1.3662
30032017 1.331 1.331 1.331 1.33324555488902 1.33272091344443 1.331 1.33818000253676 1.331 1.33156435702711 1.33103311151215 1.331 1.32823967471042 1.331 1.331 1.32798372638453 1.32860609250114 1.331 1.3241358819258 1.331 1.33012748747129 1.3308568538766 1.331 1.33130075715959 1.331
30022017 1.3248 1.3248 1.3248 1.32712993419237 1.32581547167659 1.3248 1.33238240394461 1.3248 1.32532875773873 1.32482197689182 1.3248 1.3231125137136 1.3248 1.3248 1.32199264514386 1.32281049899282 1.3248 1.31772110491529 1.3248 1.32407395300934 1.32478903188683 1.3248 1.3248 1.3248
30012017 1.303 1.303 1.303 1.30462835831026 1.30182187784062 1.303 1.31177160026962 1.303 1.30349843334051 1.30298919196904 1.303 1.30133729179227 1.303 1.303 1.30082215641607 1.30260735261559 1.303 1.29558422463945 1.303 1.30229668214716 1.30288127020557 1.303 1.303492088906 1.303
30122016 1.3427 1.3427 1.3427 1.34401553277366 1.34235577758947 1.3427 1.35233301925875 1.3427 1.34322476136693 1.34265546230972 1.3427 1.34056260738055 1.3427 1.3427 1.34076427161054 1.34168732768046 1.3427 1.33432126336275 1.3427 1.34209754572886 1.34255523628221 1.3427 1.34209092615415 1.3427
30112016 1.3426 1.3426 1.3426 1.34425843397605 1.34399794461593 1.3426 1.3522323018223 1.3426 1.34316927554065 1.34261113216231 1.3426 1.33887370963902 1.3426 1.3426 1.34077038873716 1.34016773031989 1.3426 1.33416620630301 1.3426 1.34214229418625 1.34258885684287 1.3426 1.34159059540867 1.3426
30102016 1.3403 1.3403 1.3403 1.34178518630007 1.34186169008504 1.3403 1.34902298378539 1.3403 1.34085718260639 1.34026666459379 1.3403 1.33979855878035 1.3403 1.3403 1.33867487299697 1.33725589328148 1.3403 1.33231999019522 1.3403 1.33985419864717 1.3403 1.3403 1.33919209693062 1.3403
30092016 1.3117 1.3117 1.3117 1.31289409462713 1.31443023098269 1.3117 1.32063937076596 1.3117 1.31227793161435 1.31172174875445 1.3117 1.31110767523678 1.3117 1.3117 1.31050699141781 1.30811440922182 1.3117 1.30381626740053 1.3117 1.31126371138215 1.3117 1.3117 1.31051987165251 1.3117
30082016 1.3124 1.3124 1.3124 1.31377291489947 1.31601157651596 1.3124 1.32236497237764 1.3124 1.31295647044506 1.31241088175913 1.3124 1.31250047851255 1.3124 1.3124 1.31140522323289 1.30880922381962 1.3124 1.30491004431396 1.3124 1.31196347855297 1.3123891064084 1.3124 1.31181055326497 1.3124
30072016 1.3041 1.3041 1.3041 1.30571087721448 1.30854463804197 1.3041 1.31501699153809 1.3041 1.30464213372901 1.30411081401569 1.3041 1.30644147388607 1.3041 1.3041 1.3030131998354 1.30013606323542 1.3041 1.29677412858803 1.3041 1.30367706042853 1.30408917422434 1.3041 1.30341205167634 1.3041
30062016 1.3009 1.3009 1.3009 1.30251073290971 1.30378465168388 1.3009 1.31139975347903 1.3009 1.30143001156622 1.30083529309168 1.3009 1.29950832516917 1.3009 1.3009 1.29981290165 1.2981308285004 1.3009 1.29383008292707 1.3009 1.30048889403611 1.30088919971274 1.3009 1.2994272049348 1.3009
30052016 1.31 1.31 1.31 1.31179973821178 1.31187237874916 1.31 1.31909245141613 1.31 1.31059890841353 1.31001085753833 1.31 1.30970217101126 1.31 1.31 1.3087998047554 1.30880310352581 1.31 1.30323687858968 1.31 1.30959689077556 1.31 1.31 1.30881821135736 1.31
30042016 1.2549 1.2549 1.2549 1.25622311454097 1.25621892946484 1.2549 1.26309333717946 1.2549 1.25546331215809 1.25498324654654 1.2549 1.25367527981257 1.2549 1.2549 1.2540348451498 1.25470839757457 1.2549 1.24863885942202 1.2549 1.25451384598034 1.25488958057431 1.2549 1.25281962136082 1.2549
30032016 1.2971 1.2971 1.2971 1.2985566865215 1.29676354065492 1.2971 1.30666082057143 1.2971 1.29759617642822 1.2971 1.2971 1.29612918294888 1.2971 1.2971 1.29600104963227 1.2982905490461 1.2971 1.29112097566322 1.2971 1.29671162691174 1.29712153881926 1.2971 1.2960505195578 1.2971
30022016 1.3523 1.3523 1.3523 1.35453903233297 1.35141185653244 1.3523 1.36234141308305 1.3523 1.35281729194656 1.35227756728728 1.3523 1.35372724848672 1.3523 1.3523 1.35083859794499 1.35395520918661 1.3523 1.34560324442763 1.3523 1.3518726507841 1.35225508577253 1.3523 1.351506626255 1.3523
30012016 1.408 1.408 1.408 1.40986327263284 1.40668631271006 1.408 1.41825060435086 1.408 1.40856196474647 1.40797664795289 1.408 1.4103529836706 1.408 1.408 1.40713193194846 1.4099398499973 1.408 1.40118127789322 1.408 1.40760179963871 1.40788301080024 1.408 1.40593027152374 1.408
30122015 1.384 1.384 1.384 1.38555427811715 1.38435965368563 1.384 1.39322768544257 1.384 1.3845753493451 1.3840688779974 1.384 1.38683008520488 1.384 1.384 1.38346885580475 1.38463529990836 1.384 1.37704788573477 1.384 1.38372355924137 1.3838618555508 1.384 1.38268019841791 1.384
30112015 1.3333 1.3333 1.3333 1.3344457380424 1.33505782037566 1.3333 1.34218964812181 1.3333 1.33378789352801 1.33335532571869 1.3333 1.33613394623622 1.3333 1.3333 1.33309614702676 1.33207510033655 1.3333 1.32697733218853 1.3333 1.33316675659235 1.33331109700832 1.3333 1.33369197453271 1.3333
30102015 1.3083 1.3083 1.3083 1.30942518729462 1.30968378046641 1.3083 1.31772123809927 1.3083 1.30872443934787 1.3082782820527 1.3083 1.30761108208758 1.3083 1.3083 1.30839988929879 1.30669619278228 1.3083 1.30176331660188 1.3083 1.30815836721329 1.3083 1.3083 1.30878143591933 1.3083
30092015 1.3394 1.3394 1.3394 1.34080861995524 1.34275837375016 1.3394 1.34899034011863 1.3394 1.33985677061933 1.33943335367017 1.3394 1.34020251990911 1.3394 1.3394 1.33919558941293 1.33590521790785 1.3394 1.3328206249168 1.3394 1.33925500041694 1.33941114666512 1.3394 1.34048746471481 1.3394
30082015 1.3223 1.3223 1.3223 1.32369063623027 1.32755423765521 1.3223 1.331363979948 1.3223 1.3227180008138 1.32224512754217 1.3223 1.32519130941237 1.3223 1.3223 1.32219923413286 1.31783056214541 1.3223 1.3161606218066 1.3223 1.32214584853987 1.32228899573493 1.3223 1.32376161074595 1.3223
30072015 1.3026 1.3026 1.3026 1.30371935676444 1.30726956901606 1.3026 1.31053478434514 1.3026 1.3030658476033 1.30243800317874 1.3026 1.30646701124842 1.3026 1.3026 1.3025007353713 1.29920436410756 1.3026 1.29653674109063 1.3026 1.30245898427886 1.3026 1.3026 1.30404494630057 1.3026
30062015 1.2382 1.2382 1.2382 1.23910390900764 1.24066023669671 1.2382 1.24587241761473 1.2382 1.23879687828871 1.23810771523432 1.2382 1.23998765122444 1.2382 1.2382 1.2382 1.23668212634947 1.2382 1.23238917258517 1.2382 1.23806595603722 1.23818969459136 1.2382 1.23954369763128 1.2382
30052015 1.2465 1.2465 1.2465 1.24732796848328 1.24699917620572 1.2465 1.25473455617369 1.2465 1.24719383441903 1.24652063895496 1.2465 1.24678166326028 1.2465 1.2465 1.24669131307649 1.24726472476562 1.2465 1.24042151930953 1.2465 1.24637543095504 1.2465 1.2465 1.24848881943876 1.2465
30042015 1.2119 1.2119 1.2119 1.21309976651111 1.21270278781259 1.2119 1.22006215729278 1.2119 1.21255449825492 1.21202048517599 1.2119 1.21017947446934 1.2119 1.2119 1.21199321232823 1.21357274910901 1.2119 1.20590546127124 1.2119 1.21177888870792 1.21188991247601 1.2119 1.21400956261303 1.2119
30032015 1.2683 1.2683 1.2683 1.26940566086968 1.26779027227771 1.2683 1.27653500199827 1.2683 1.26885880968703 1.26836310107403 1.2683 1.26448629928435 1.2683 1.2683 1.26839818464026 1.27122982147648 1.2683 1.2618510774717 1.2683 1.26818380838588 1.2683 1.2683 1.27189443615238 1.2683
30022015 1.2419 1.2419 1.2419 1.24290400447281 1.23958795947886 1.2419 1.24884540572089 1.2419 1.24238536615893 1.24177647086622 1.2419 1.23815215756648 1.2419 1.2419 1.24199649948245 1.24592200578697 1.2419 1.23587414815781 1.2419 1.24178622694506 1.2419 1.2419 1.2466984537877 1.2419
30012015 1.2717 1.2717 1.2717 1.27324877905194 1.2693362215115 1.2717 1.27926772047666 1.2717 1.27232356805907 1.27136344872499 1.2717 1.268634526876 1.2717 1.2717 1.27091012059115 1.27482943078073 1.2717 1.26570756805542 1.2717 1.27158349690477 1.27171058537094 1.2717 1.27678610310356 1.2717
30122014 1.1599 1.1599 1.1599 1.16176874269706 1.15929066714433 1.1599 1.16797000340514 1.1599 1.16077594339503 1.15990957918166 1.1599 1.15710402431664 1.1599 1.1599 1.15864302752707 1.16132363313072 1.1599 1.15436132935749 1.1599 1.15978408533073 1.15987103327693 1.1599 1.163737416596 1.1599
30112014 1.1427 1.1427 1.1427 1.14492124720952 1.14376051310381 1.1427 1.15065033441767 1.1427 1.14355350996697 1.14271887715073 1.1427 1.13941182776258 1.1427 1.1427 1.14111398160922 1.14234996161348 1.1427 1.13754358442614 1.1427 1.14261433925387 1.1427 1.1427 1.14648051206505 1.1427
30102014 1.1275 1.1275 1.1275 1.12938185245082 1.12898566444736 1.1275 1.13560971730412 1.1275 1.12832351706892 1.12746275251434 1.1275 1.12446591121361 1.1275 1.1275 1.1259394107154 1.12611909989488 1.1275 1.12179576692738 1.1275 1.12741547869847 1.1275 1.1275 1.13147766110359 1.1275
30092014 1.1208 1.1208 1.1208 1.12275170027709 1.12320641738412 1.1208 1.12912745376069 1.1208 1.12165567785776 1.120781492276 1.1208 1.11658332780257 1.1208 1.1208 1.11924725146286 1.11839001507801 1.1208 1.11490451549593 1.1208 1.12071598095366 1.1208 1.1208 1.12461926685878 1.1208
30082014 1.0858 1.0858 1.0858 1.08769075317707 1.08958479880909 1.0858 1.09389859760625 1.0858 1.08664690076631 1.08579103640993 1.0858 1.08112167076355 1.0858 1.0858 1.08396172246172 1.08246309171326 1.0858 1.07994317954849 1.0858 1.08571860467477 1.0858 1.0858 1.09023156359058 1.0858
30072014 1.089 1.089 1.089 1.0911168620033 1.09368705576263 1.089 1.09621936638801 1.089 1.0898583937911 1.08901798112731 1.089 1.08480207660084 1.089 1.089 1.08715630480826 1.08497767899457 1.089 1.08316362167118 1.089 1.08891836479169 1.08900906642468 1.089 1.09280357598805 1.089
30062014 1.067 1.067 1.067 1.06899989621725 1.07100354087394 1.067 1.0741979314724 1.067 1.06782342103419 1.06700881020895 1.067 1.0637145297467 1.067 1.067 1.06510713654172 1.0633834866926 1.067 1.06137322133223 1.067 1.06691113146311 1.06699111680937 1.067 1.07065543620925 1.067
30052014 1.0869 1.0869 1.0869 1.08873140141883 1.09011795380748 1.0869 1.09462505572852 1.0869 1.08772979680906 1.0868820520653 1.0869 1.08373791075765 1.0869 1.0869 1.085134472811 1.08421707660684 1.0869 1.08144747876496 1.0869 1.08681852221496 1.0869 1.0869 1.08999154825735 1.0869
30042014 1.0957 1.0957 1.0957 1.09710911139136 1.09791392573208 1.0957 1.10346255571915 1.0957 1.09655462255447 1.09575429229899 1.0957 1.0923136436711 1.0957 1.0957 1.09425764567787 1.09400883219773 1.0957 1.09036504621425 1.0957 1.09561786253651 1.09569087695926 1.0957 1.09913289136711 1.0957
30032014 1.1053 1.1053 1.1053 1.1063437315764 1.10677646232082 1.1053 1.11051196339771 1.1053 1.10610730236477 1.10530913097535 1.1053 1.10228390666137 1.1053 1.1053 1.10426844472434 1.10461475434627 1.1053 1.09969143639118 1.1053 1.10522634524649 1.10529079610793 1.1053 1.10788371562687 1.1053
30022014 1.114 1.114 1.114 1.11537224580533 1.114 1.114 1.11907571363799 1.114 1.11480444728347 1.11398159544671 1.114 1.11128433665912 1.114 1.114 1.11251841193442 1.11365366071379 1.114 1.10908637690447 1.114 1.11393504129421 1.114 1.114 1.1166206529387 1.114
30012014 1.1119 1.1119 1.1119 1.11304218179196 1.11144330240868 1.1119 1.1168566806169 1.1119 1.11272131424885 1.1119 1.1119 1.10972388586409 1.1119 1.1119 1.11050355301393 1.11224644035357 1.1119 1.10644492551504 1.1119 1.11183516374778 1.11191851700743 1.1119 1.1152656816542 1.1119
30122013 1.064 1.064 1.064 1.06479302147805 1.064 1.064 1.06855357463687 1.064 1.06478593251261 1.06395606954465 1.064 1.06148148846643 1.064 1.064 1.06291567661387 1.06383404818287 1.064 1.05877992692509 1.064 1.0639202388782 1.06399114090047 1.064 1.06682390884179 1.064
30112013 1.0595 1.0595 1.0595 1.06007890191523 1.05993535382952 1.0595 1.06403431609752 1.0595 1.06032638732907 1.05951749576854 1.0595 1.05681751636757 1.0595 1.0595 1.0586720655522 1.05867400648716 1.0595 1.05370764989383 1.0595 1.05942939725745 1.05950882170498 1.0595 1.06234825384971 1.0595
30102013 1.0456 1.0456 1.0456 1.04652710580339 1.04617722903999 1.0456 1.04965679555949 1.0456 1.04639826620991 1.0455395853859 1.0456 1.04452430882554 1.0456 1.0456 1.04453941663164 1.0444610868526 1.0456 1.0402151862993 1.0456 1.04552161820587 1.04559129410295 1.0456 1.0483291995451 1.0456
30092013 1.03 1.03 1.03 1.03090774524682 1.03055302059909 1.03 1.03359596966515 1.03 1.03084591847224 1.02999150126449 1.03 1.02972653634267 1.03 1.03 1.0287013832445 1.02870629506928 1.03 1.02436946509927 1.03 1.02993136307237 1.03 1.03 1.03225807583548 1.03
30082013 1.0553 1.0553 1.0553 1.05644678436445 1.05788996568228 1.0553 1.05937924055207 1.0553 1.05617541157207 1.05529129337122 1.0553 1.0553 1.0553 1.0553 1.05359372206571 1.05278504976057 1.0553 1.04940098377418 1.0553 1.05522967713618 1.05530878673456 1.0553 1.05649718227485 1.0553
30072013 1.0293 1.0293 1.0293 1.03028333824972 1.03182814969243 1.0293 1.03367690913564 1.0293 1.03016234281458 1.02929150872185 1.0293 1.02948212870636 1.0293 1.0293 1.02778165905212 1.02641107582832 1.0293 1.02365259680768 1.0293 1.02922284011028 1.0293 1.0293 1.03105462055027 1.0293
30062013 1.0469 1.0469 1.0469 1.04753988933556 1.048471256536 1.0469 1.05180424780941 1.0469 1.0477857317912 1.04691727400984 1.0469 1.04662351753064 1.0469 1.0469 1.04572269801983 1.04484233254176 1.0469 1.04108562316598 1.0469 1.04682152075337 1.0469174310476 1.0469 1.04834726204785 1.0469
30052013 1.0339 1.0339 1.0339 1.03425383219664 1.03460778548549 1.0339 1.03891043904931 1.0339 1.03475765945642 1.03390853098558 1.0339 1.03217184916948 1.0339 1.0339 1.03295482691056 1.03288473446521 1.0339 1.02801464936607 1.0339 1.03380528225984 1.03393441916253 1.0339 1.03549914197441 1.0339
30042013 1.0138 1.0138 1.0138 1.01463539271279 1.01504066975172 1.0138 1.01818392359658 1.0138 1.0146326137351 1.01380836596346 1.0138 1.01218861370282 1.0138 1.0138 1.01287320197498 1.01280447219347 1.0138 1.00825629727309 1.0138 1.01367337785693 1.01379156393411 1.0138 1.01669059850676 1.0138
30032013 1.0156 1.0156 1.0156 1.01663990181747 1.01684494022207 1.0156 1.01940094870685 1.0156 1.01642570440824 1.01561676419374 1.0156 1.01649694377427 1.0156 1.0156 1.0139481570578 1.01431469553173 1.0156 1.01001361363674 1.0156 1.01548160309846 1.01560845111444 1.0156 1.01758368384056 1.0156
30022013 1.0285 1.0285 1.0285 1.02892442460691 1.0282130490314 1.0285 1.03248186483662 1.0285 1.02931920173036 1.02852547210718 1.0285 1.02995683367303 1.0285 1.0285 1.02718222916986 1.02762579501218 1.0285 1.02231522009308 1.0285 1.02837154184835 1.02849144161198 1.0285 1.03026183813514 1.0285
30012013 0.9992 0.9992 0.9992 0.9998939492695 0.998657191260679 0.9992 1.00312765399048 0.9992 0.999971098685438 0.999158761354029 0.9992 0.998844980812425 0.9992 0.9992 0.997772740591686 0.999058339822984 0.9992 0.992857284871111 0.9992 0.999083514982258 0.999216628529166 0.9992 1.00100471667216 0.9992
30122012 0.9952 0.9952 0.9952 0.995879867591845 0.994923702932624 0.9952 0.998838751572697 0.9952 0.996009118774201 0.995191787593086 0.9952 0.9952 0.9952 0.9952 0.993710617622538 0.994918432527265 0.9952 0.989394009534198 0.9952 0.995067421539934 0.9952 0.9952 0.997258088974612 0.9952
30112012 0.9932 0.9932 0.9932 0.994155119183116 0.9932 0.9932 0.997590430394295 0.9932 0.99401569536566 0.993191804908632 0.9932 0.993020284015642 0.9932 0.9932 0.991435248570259 0.992359371920383 0.9932 0.987380963177429 0.9932 0.993067687975746 0.9932 0.9932 0.99468649512426 0.9932
30102012 0.9996 0.9996 0.9996 1.00056280046453 1.00002425071862 0.9996 1.00506883922922 0.9996 1.0004292062991 0.9996 0.9996 0.998967424544301 0.9996 0.9996 0.997968642969574 0.998189123765345 0.9996 0.994102402482061 0.9996 0.999466835381148 0.999583365090933 0.9996 1.00184614672268 0.9996
30092012 0.9814 0.9814 0.9814 0.982412346865559 0.982206789610769 0.9814 0.986797663208568 0.9814 0.982214108705419 0.981375711828365 0.9814 0.980334982332889 0.9814 0.9814 0.980002955564809 0.979449714916279 0.9814 0.976383552869389 0.9814 0.981285590075648 0.98139183272651 0.9814 0.983692756977459 0.9814
30082012 0.9863 0.9863 0.9863 0.987319926422793 0.987389669564216 0.9863 0.991622174463831 0.9863 0.987142603734606 0.986348827942712 0.9863 0.984234906347038 0.9863 0.9863 0.985171815399515 0.984611115681389 0.9863 0.97990388460283 0.9863 0.986193226005098 0.986324622105906 0.9863 0.989821717949994 0.9863
30072012 1.0014 1.0014 1.0014 1.00264333605745 1.00333649323443 1.0014 1.00656866973141 1.0014 1.0022058883992 1.00145787555393 1.0014 0.999661951715519 1.0014 1.0014 1.00004049028792 0.998682826258546 1.0014 0.993981000948312 1.0014 1.00126659558892 1.0014 1.0014 1.00517238803762 1.0014
30062012 1.0191 1.0191 1.0191 1.02014863954534 1.02077626299627 1.0191 1.0241087672259 1.0191 1.01986119017007 1.01900747038954 1.0191 1.01817630745822 1.0191 1.0191 1.01764556193308 1.01633953026851 1.0191 1.01141639673004 1.0191 1.01896423763198 1.0191 1.0191 1.02303049656477 1.0191
30052012 1.0349 1.0349 1.0349 1.03660937273541 1.03689139774391 1.0349 1.03949581662773 1.0349 1.03576703446887 1.03487439031916 1.0349 1.03508749894099 1.0349 1.0349 1.03297700220669 1.03209912817546 1.0349 1.02690441908471 1.0349 1.03476213278907 1.03488277764366 1.0349 1.03924375492973 1.0349
30042012 0.9884 0.9884 0.9884 0.989972831985699 0.989884815138513 0.9884 0.992963417628371 0.9884 0.989252557069564 0.988489723676353 0.9884 0.987319175405276 0.9884 0.9884 0.986200193069595 0.986568959211322 0.9884 0.980965077823815 0.9884 0.988284774027686 0.988391774472062 0.9884 0.991390946110452 0.9884
30032012 0.9991 0.9991 0.9991 1.0012611421779 1.00033991337595 0.9991 1.00358595406853 0.9991 0.999871021513832 0.99909175132613 0.9991 0.997303311388088 0.9991 0.9991 0.996712501628721 0.998241295957428 0.9991 0.991250481019639 0.9991 0.998991840313995 0.999075051502443 0.9991 1.00256328713894 0.9991
30022012 0.9866 0.9866 0.9866 0.988600843275937 0.987550477223578 0.9866 0.991067557823545 0.9866 0.987369526888964 0.986648886357747 0.9866 0.984448078531654 0.9866 0.9866 0.984232083373907 0.986032661902347 0.9866 0.978631435095763 0.9866 0.986517827836458 0.986583571589085 0.9866 0.989261322808138 0.9866
30012012 1.0052 1.0052 1.0052 1.00710189645169 1.00575274732364 1.0052 1.00959531591267 1.0052 1.00593419011768 1.00524152912535 1.0052 1.00215821527415 1.0052 1.0052 1.00270242474252 1.0052 1.0052 0.997557104164269 1.0052 1.00513301568965 1.00519162964597 1.0052 1.00766817862023 1.0052
30122011 1.021 1.021 1.021 1.02343117104402 1.02142218764589 1.021 1.02507578000723 1.021 1.02170351935597 1.0209493865396 1.021 1.01687545862325 1.021 1.021 1.01816507858853 1.02085299833536 1.021 1.01305570066927 1.021 1.02094046423823 1.02100850199227 1.021 1.02414028165557 1.021
30112011 1.0197 1.0197 1.0197 1.02212249801878 1.02110645926806 1.0197 1.02337205307724 1.0197 1.02045320994653 1.01971684688783 1.0197 1.01558071024303 1.0197 1.0197 1.01679554531479 1.01867096212606 1.0197 1.01169782999878 1.0197 1.01963204944164 1.01969150890369 1.0197 1.02301765087729 1.0197
30102011 0.9957 0.9957 0.9957 0.998289766433468 0.997373123204553 0.9957 0.998511392059019 0.9957 0.996419019892418 0.9957 0.9957 0.993147190385346 0.9957 0.9957 0.992576153219393 0.993112595142824 0.9957 0.987754438451931 0.9957 0.995641939512248 0.995708291316067 0.9957 0.998348702164854 0.9957
30092011 1.0389 1.0389 1.0389 1.04153733200063 1.04210604202468 1.0389 1.04167817287061 1.0389 1.03965021569372 1.03884851960901 1.0389 1.03865652553327 1.0389 1.0389 1.0357044132959 1.03486057593706 1.0389 1.03045263676586 1.0389 1.038830769996 1.0389172995746 1.0389 1.0417585008462 1.0389
30082011 0.9784 0.9784 0.9784 0.980612608112584 0.981426957483219 0.9784 0.98126255775569 0.9784 0.979155046991426 0.9784 0.9784 0.978216590044099 0.9784 0.9784 0.97546272908971 0.974269411440899 0.9784 0.972004200700656 0.9784 0.97831851079991 0.978375561078388 0.9784 0.981345151307536 0.9784
30072011 0.9538 0.9538 0.9538 0.956231630428146 0.956886523531283 0.9538 0.956419861362692 0.9538 0.954536062776392 0.953807875517616 0.9538 0.953262494443139 0.9538 0.9538 0.951005104786249 0.949066160318828 0.9538 0.949153493676518 0.9538 0.953744382752618 0.953815884091813 0.9538 0.956453373680329 0.9538
30062011 0.9643 0.9643 0.9643 0.967222110073922 0.968497307768966 0.9643 0.967368106523117 0.9643 0.965036197500211 0.964268156525633 0.9643 0.96115343376708 0.9643 0.9643 0.961476818973205 0.959090547443122 0.9643 0.960370500788462 0.9643 0.964227712735198 0.9643 0.9643 0.966985385285102 0.9643
30052011 0.9771 0.9771 0.9771 0.979726431042805 0.980395853801964 0.9771 0.98034154309069 0.9771 0.977878261556375 0.977083871580024 0.9771 0.973179726147462 0.9771 0.9771 0.974518279007414 0.972523125640879 0.9771 0.973223756442012 0.9771 0.977026753202906 0.977108134805836 0.9771 0.981034815603505 0.9771
30042011 0.9486 0.9486 0.9486 0.951158658580087 0.951941347144457 0.9486 0.951475774276124 0.9486 0.949371231982724 0.948646984820215 0.9486 0.945476706386173 0.9486 0.9486 0.946501669160274 0.945113131472396 0.9486 0.945018813233722 0.9486 0.948520992789038 0.948631582627642 0.9486 0.953167223305301 0.9486
30032011 0.9718 0.9718 0.9718 0.973536496496701 0.973735305079939 0.9718 0.974930784068075 0.9718 0.97254192339594 0.971759888224452 0.9718 0.966605089560499 0.9718 0.9718 0.97014053399614 0.969643767540412 0.9718 0.968525245221572 0.9718 0.97168670922714 0.971816172542677 0.9718 0.976420306425753 0.9718
30022011 0.9809 0.9809 0.9809 0.982794148723161 0.982302509003273 0.9809 0.983878827178486 0.9809 0.981689390783678 0.980883810459028 0.9809 0.976217519370892 0.9809 0.9809 0.979585973220716 0.979153055952775 0.9809 0.977427628723569 0.9809 0.98076932655599 0.980908160735463 0.9809 0.985019643626676 0.9809
30012011 1.0022 1.0022 1.0022 1.00414807304101 1.00406736773118 1.0022 1.00507390997358 1.0022 1.00302308688629 1.00219173064784 1.0022 0.998812255879796 1.0022 1.0022 1.00100117571894 1.00130477683484 1.0022 0.999433021267909 1.0022 1.00205815225091 1.00220833711147 1.0022 1.00704456241475 1.0022
30122010 1.0009 1.0009 1.0009 1.0025501774375 1.00261116367732 1.0009 1.00406157005751 1.0009 1.00173028469865 1.00091651827347 1.0009 0.996154895180698 1.0009 1.0009 1.00000192049619 1.00045267013039 1.0009 0.998200056065133 1.0009 1.0007500111989 1.00090832546592 1.0009 1.00533961924127 1.0009
30112010 1.0264 1.0264 1.0264 1.02846873854752 1.028456230127 1.0264 1.02953647853863 1.0264 1.02723448503802 1.02645083830853 1.0264 1.02083058691971 1.0264 1.0264 1.02540188125537 1.02578813647442 1.0264 1.02367768982063 1.0264 1.02623765369961 1.0264 1.0264 1.03088899622408 1.0264
30102010 1.0188 1.0188 1.0188 1.02041697955261 1.02070808968886 1.0188 1.02151190517051 1.0188 1.01957780567584 1.01882524187673 1.0188 1.01098457610849 1.0188 1.0188 1.01780838171736 1.0180398704359 1.0188 1.01633223139828 1.0188 1.01863885579615 1.0188 1.0188 1.02326513313028 1.0188
30092010 1.0298 1.0298 1.0298 1.03128487667138 1.03142950485064 1.0298 1.03284655137777 1.0298 1.03056067039613 1.02997030219378 1.0298 1.02215938278434 1.0298 1.0298 1.02879677384095 1.02856817667438 1.0298 1.02743205244714 1.0298 1.02963711591958 1.0298 1.0298 1.03505432074618 1.0298
30082010 1.0639 1.0639 1.0639 1.06550726724605 1.06648793160608 1.0639 1.0672322984106 1.0639 1.06450981635018 1.06394403723739 1.0639 1.05558122782602 1.0639 1.0639 1.06281378747356 1.06283307924367 1.0639 1.06217975655713 1.0639 1.06373172230224 1.06389115057497 1.0639 1.07052631963334 1.0639
30072010 1.029 1.029 1.029 1.02980936122861 1.03108303691687 1.029 1.03205604168611 1.029 1.02954719673845 1.02905113933008 1.029 1.02181862577734 1.029 1.029 1.02810449774369 1.0274111809207 1.029 1.0274325323182 1.029 1.0288458003034 1.029 1.029 1.03578817255045 1.029
30062010 1.0606 1.0606 1.0606 1.06182861820375 1.06228398453262 1.0606 1.06346690960574 1.0606 1.06111126563803 1.06073191708796 1.0606 1.05602117126368 1.0606 1.0606 1.05883558160818 1.05909152857052 1.0606 1.05909014152442 1.0606 1.06044106491913 1.0606176432915 1.0606 1.0674169746719 1.0606
30052010 1.0499 1.0499 1.0499 1.05150527800362 1.05202889843285 1.0499 1.05330425835981 1.0499 1.05027547474182 1.04992613934864 1.0499 1.04595211172657 1.0499 1.0499 1.04796818326221 1.04842132551174 1.0499 1.04847173251602 1.0499 1.04972520596906 1.0499 1.0499 1.05432124622232 1.0499
30042010 1.0116 1.0116 1.0116 1.01277114768472 1.01291658175354 1.0116 1.01580493773716 1.0116 1.01193658337525 1.01169241541176 1.0116 1.01001850779218 1.0116 1.0116 1.00967367104936 1.01030991038245 1.0116 1.01038577802104 1.0116 1.01143158239671 1.01156634114647 1.0116 1.0148703128336 1.0116
30032010 1.0156 1.0156 1.0156 1.01692698918099 1.01692178769167 1.0156 1.02018080822259 1.0156 1.01584511104358 1.01570133201501 1.0156 1.01495735291601 1.0156 1.0156 1.01380581139806 1.01489719336761 1.0156 1.01381539493339 1.0156 1.01546470389465 1.01557464707846 1.0156 1.01699629442947 1.0156
30022010 1.0526 1.0526 1.0526 1.05422209695544 1.05322083971895 1.0526 1.05871412292937 1.0526 1.05274900227134 1.05259124369335 1.0526 1.05693268555533 1.0526 1.0526 1.05032813274043 1.05150623794158 1.0526 1.05092080930884 1.0526 1.05248604855821 1.05258247783922 1.0526 1.05341385369265 1.0526
30012010 1.065 1.065 1.065 1.06616611760348 1.06452106969225 1.065 1.07254302772154 1.065 1.06515961835761 1.06498228380834 1.065 1.07391799192719 1.065 1.065 1.06261937070342 1.06479122525576 1.065 1.06201098357653 1.065 1.06490243312383 1.06500886484238 1.065 1.06319828910471 1.065
30122009 1.0466 1.0466 1.0466 1.04743853361921 1.04736323751576 1.0466 1.05529357468196 1.0466 1.04677427364013 1.04657389145952 1.0466 1.0579197889485 1.0466 1.0466 1.04501208166729 1.04460636465825 1.0466 1.0422415221792 1.0466 1.04649540797236 1.0466 1.0466 1.04206571575111 1.0466
30112009 1.0574 1.0574 1.0574 1.05748229370744 1.05848964691621 1.0574 1.06676516761812 1.0574 1.05760245500055 1.0574 1.0574 1.06981025173211 1.0574 1.0574 1.05756702890026 1.05499820122223 1.0574 1.05274728743504 1.0574 1.05729432867378 1.0574 1.0574 1.05093010925359 1.0574
30102009 1.0774 1.0774 1.0774 1.07661658295621 1.07849245388231 1.0774 1.08721125330063 1.0774 1.07760628429884 1.07740895821468 1.0774 1.09098374384226 1.0774 1.0774 1.07856215543052 1.07467117498275 1.0774 1.07159391857039 1.0774 1.07729232997269 1.07742689902276 1.0774 1.07177743844837 1.0774
30092009 1.0722 1.0722 1.0722 1.07150295446363 1.07360643448724 1.0722 1.0822143146634 1.0722 1.07239637207006 1.07218217115486 1.0722 1.08803412744602 1.0722 1.0722 1.07353287759677 1.06915485387967 1.0722 1.0655182328867 1.0722 1.07206608378201 1.0722089212093 1.0722 1.06209948615456 1.0722
30082009 1.0967 1.0967 1.0967 1.09582659168657 1.09943425464973 1.0967 1.1069183009081 1.0967 1.09691909909531 1.0967 1.0967 1.11120618553741 1.0967 1.0967 1.09863703741308 1.09310686185402 1.0967 1.08962968111975 1.0967 1.09655389992247 1.0967 1.0967 1.08399662993426 1.0967
30072009 1.079 1.079 1.079 1.07876634532425 1.081850695381 1.079 1.08966715982015 1.079 1.07921556298335 1.079 1.079 1.09215462729176 1.079 1.079 1.08029398108959 1.07439215945832 1.079 1.07130346370456 1.079 1.07885625787941 1.07904487624812 1.079 1.06591353069008 1.079
30062009 1.1583 1.1583 1.1583 1.15838105952396 1.15931136560078 1.1583 1.17020540504163 1.1583 1.15853140556405 1.15833852588566 1.1583 1.17024057381145 1.1583 1.1583 1.15954424788366 1.15699180081084 1.1583 1.14997385729529 1.1583 1.15809752773838 1.15827109921757 1.1583 1.14448673735647 1.1583
30052009 1.0961 1.0961 1.0961 1.09641802562413 1.0951420778302 1.0961 1.10726291524712 1.0961 1.09628251608728 1.0960544326416 1.0961 1.10589235684215 1.0961 1.0961 1.09677530339932 1.09894247054802 1.0961 1.08869408088941 1.0961 1.09593574510452 1.09607264298084 1.0961 1.08392075557712 1.0961
30042009 1.194 1.194 1.194 1.19523130680105 1.19105653047362 1.194 1.20600738126716 1.194 1.19424846542838 1.19383142662125 1.194 1.20468814041863 1.194 1.194 1.19438299966761 1.19961561634074 1.194 1.18504990801045 1.194 1.19385087113945 1.19402980120076 1.194 1.18046818405502 1.194
30032009 1.2602 1.2602 1.2602 1.26169219817073 1.25691327300975 1.2602 1.2729562490144 1.2602 1.26064022321161 1.25980341813712 1.2602 1.27173598420125 1.2602 1.2602 1.25995810496701 1.26693332387312 1.2602 1.2504493360929 1.2602 1.26001115407419 1.26024192351891 1.2602 1.24704847931536 1.2602
30022009 1.2707 1.2707 1.2707 1.27183266209148 1.26551947463598 1.2707 1.28323510387387 1.2707 1.27154404296165 1.27056352868349 1.2707 1.2781518578203 1.2707 1.2707 1.2707 1.27936098096403 1.2707 1.26021409678638 1.2707 1.27046731552257 1.27062601486075 1.2707 1.2595490696655 1.2707
30012009 1.2364 1.2364 1.2364 1.23758697937313 1.23260733667965 1.2364 1.24815565304807 1.2364 1.23735414973446 1.23637958540062 1.2364 1.24312123139529 1.2364 1.2364 1.23631558392321 1.24469795922992 1.2364 1.22668055409135 1.2364 1.23624557544122 1.23641028743069 1.2364 1.22804575106456 1.2364
30122008 1.2246 1.2246 1.2246 1.22658271722257 1.22369809969335 1.2246 1.23543734222865 1.2246 1.22556527918878 1.22370457247948 1.2246 1.22930082539033 1.2246 1.2246 1.22351969275588 1.22853773913544 1.2246 1.21712320174152 1.2246 1.22443686135229 1.2248340937783 1.2246 1.21883820036182 1.2246
30112008 1.2372 1.2372 1.2372 1.23984723190239 1.23901275859516 1.2372 1.24687400562288 1.2372 1.23908122721163 1.2368160740357 1.2372 1.24138290125946 1.2372 1.2372 1.23345011927405 1.23555543482621 1.2372 1.22989320140887 1.2372 1.23679875712152 1.23779408543239 1.2372 1.23293328819927 1.2372
30102008 1.2165 1.2165 1.2165 1.21988645066363 1.22201841525564 1.2165 1.2260736248657 1.2165 1.21872794552591 1.21683779830615 1.2165 1.22034279549465 1.2165 1.2165 1.21160761989849 1.21150386049363 1.2165 1.2103971817888 1.2165 1.21552179457437 1.21734017052801 1.2165 1.21188283420796 1.2165
30092008 1.0599 1.0599 1.0599 1.06293614259747 1.06519421231494 1.0599 1.06789169194894 1.0599 1.06154637147286 1.05934703094364 1.0599 1.06218136313936 1.0599 1.0599 1.05527724142324 1.05384244742958 1.0599 1.05525697678246 1.0599 1.05831679694804 1.06006469318139 1.0599 1.05857422020305 1.0599
30082008 1.0626 1.0626 1.0626 1.06556286174273 1.06885279397814 1.0626 1.07092150159973 1.0626 1.06480609411089 1.06268641905706 1.0626 1.06776823303884 1.0626 1.0626 1.05783845588773 1.05540644125519 1.0626 1.0572132200733 1.0626 1.06084792340552 1.06260868098248 1.0626 1.06244413517039 1.0626
30072008 1.0257 1.0257 1.0257 1.02833601727527 1.03083243178558 1.0257 1.03369458111693 1.0257 1.02774590052504 1.02547499164456 1.0257 1.03011280712866 1.0257 1.0257 1.02150463251893 1.0187229000972 1.0257 1.02064616298334 1.0257 1.02400040062818 1.02569162054302 1.0257 1.02597810876942 1.0257
30062008 1.0186 1.0186 1.0186 1.02047301436013 1.02265421652047 1.0186 1.02599006833582 1.0186 1.02085568424828 1.01856694306026 1.0186 1.02279055016706 1.0186 1.0186 1.01516319271638 1.01354454906768 1.0186 1.0134019544296 1.0186 1.01692047316099 1.0185833547132 1.0186 1.01854447295369 1.0186
30052008 0.9942 0.9942 0.9942 0.995598172236577 0.996998310763239 0.9942 1.00119572868218 0.9942 0.996433988158205 0.994224198318312 0.9942 0.998856002526187 0.9942 0.9942 0.990955868351375 0.989497712892527 0.9942 0.988980550014209 0.9942 0.992576925333055 0.994443396261658 0.9942 0.99437015370208 0.9942
30042008 1.0095 1.0095 1.0095 1.01062685504256 1.01054410892259 1.0095 1.01654643328859 1.0095 1.01174374225365 1.01005076760095 1.0095 1.01201173548726 1.0095 1.0095 1.00625461800548 1.00552621979255 1.0095 1.00381285422128 1.0095 1.00760526933005 1.00977102348006 1.0095 1.01080209027238 1.0095
30032008 1.0279 1.0279 1.0279 1.02944406414717 1.02865922395698 1.0279 1.03462777950687 1.0279 1.02962289225585 1.02689062809232 1.0279 1.02912038585633 1.0279 1.0279 1.02456535293125 1.02481017941451 1.0279 1.02221831806315 1.0279 1.02569536287037 1.02820836491344 1.0279 1.02984235776179 1.0279
30022008 0.9798 0.9798 0.9798 0.981568934197075 0.979507752869592 0.9798 0.985516076010067 0.9798 0.982406969383295 0.979626207898974 0.9798 0.981714966169017 0.9798 0.9798 0.976336932968716 0.977657159795117 0.9798 0.975187388027096 0.9798 0.977405310863217 0.980557924566965 0.9798 0.981651466227262 0.9798
30012008 1.0022 1.0022 1.0022 1.00415914279382 1.00234231146911 1.0022 1.00799291899272 1.0022 1.00504483932455 1.00187777988145 1.0022 1.00253923704005 1.0022 1.0022 0.998853310861973 1.00082617478193 1.0022 0.997461697031782 1.0022 0.998977804375716 1.00244073423387 1.0022 1.0034860747165 1.0022
30122007 0.9881 0.9881 0.9881 0.990112472311376 0.987805553232512 0.9881 0.993882847398919 0.9881 0.991223506178666 0.988052446036659 0.9881 0.988434464297814 0.9881 0.9881 0.984593012007046 0.986338785338279 0.9881 0.983147271107472 0.9881 0.984686610184538 0.988297264229181 0.9881 0.989834615566351 0.9881
30112007 1.0008 1.0008 1.0008 1.00276351861109 1.0008 1.0008 1.0073062751112 1.0008 1.00401197220132 1.00075988343351 1.0008 1.00113876315075 1.0008 1.0008 0.997936400758002 0.999004330650565 1.0008 0.995698644160984 1.0008 0.997143668348918 1.00101524907014 1.0008 1.00227682727682 1.0008
30102007 0.9499 0.9499 0.9499 0.951834670021836 0.951038193739781 0.9499 0.95599098604536 0.9499 0.952986813502103 0.949793487629709 0.9499 0.950221533889782 0.9499 0.9499 0.947715499262563 0.947532113242954 0.9499 0.944766986570854 0.9499 0.946226115380853 0.950035903888932 0.9499 0.951230747387665 0.9499
30092007 0.9963 0.9963 0.9963 0.997731048342576 0.998557888888344 0.9963 1.0027940427576 0.9963 0.999649686650943 0.996379788901482 0.9963 0.996637239935141 0.9963 0.9963 0.994703928165567 0.992830624353151 0.9963 0.99094586248824 0.9963 0.992304685428138 0.996363271206165 0.9963 0.997695750734109 0.9963
30082007 1.0564 1.0564 1.0564 1.05831145174873 1.06053422741094 1.0564 1.06333398492527 1.0564 1.05986687078663 1.05593581236873 1.0564 1.05644376157406 1.0564 1.0564 1.05434093412006 1.05124467417116 1.0564 1.05116100451462 1.0564 1.05209686063325 1.056600970314 1.0564 1.05758309621269 1.0564
30072007 1.0657 1.0657 1.0657 1.06762994212381 1.06971872394865 1.0657 1.07267026052395 1.0657 1.06966740872587 1.06581899571878 1.0657 1.06573528048645 1.0657 1.0657 1.0633223908934 1.06004753222022 1.0657 1.06041518316939 1.0657 1.06115710270799 1.06569156258783 1.0657 1.06689351158072 1.0657
30062007 1.0634 1.0634 1.0634 1.06532229557173 1.06805435679658 1.0634 1.07030327080384 1.0634 1.06723967860226 1.06351039975224 1.0634 1.06404225083526 1.0634 1.0634 1.06102354556998 1.05775026763148 1.0634 1.05802830840011 1.0634 1.05887529059486 1.0634 1.0634 1.06483831894561 1.0634
30052007 1.0699 1.0699 1.0699 1.0718045699572 1.07411942354029 1.0699 1.07661693136683 1.0699 1.07365168446173 1.07000265292563 1.0699 1.0707813812084 1.0699 1.0699 1.06764508600123 1.06569823979662 1.0699 1.06432470752225 1.0699 1.06534763344691 1.0699 1.0699 1.0715673948285 1.0699
30042007 1.1153 1.1153 1.1153 1.11743185641109 1.11857148897738 1.1153 1.12191622531023 1.1153 1.11910350914185 1.1153 1.1153 1.11637319622771 1.1153 1.1153 1.11269592530419 1.11295048567235 1.1153 1.10984492521472 1.1153 1.11055445890582 1.11530883017763 1.1153 1.11741440326549 1.1153
30032007 1.1529 1.1529 1.1529 1.15482459632663 1.15363324939766 1.1529 1.16013201899584 1.1529 1.15683173647417 1.15289077757468 1.1529 1.15489115547257 1.1529 1.1529 1.15059902111007 1.15322489791941 1.1529 1.14770880817562 1.1529 1.14798538398427 1.1529 1.1529 1.15614314174417 1.1529
30022007 1.17 1.17 1.17 1.17112841546535 1.16971141075673 1.17 1.1774082007925 1.17 1.17399944383466 1.17001871955079 1.17 1.17296025574634 1.17 1.17 1.16807414967229 1.17115882892422 1.17 1.16481536197906 1.17 1.16501248960153 1.16999073681876 1.17 1.17248871708217 1.17
30012007 1.1792 1.1792 1.1792 1.18079923158788 1.17889180635929 1.1792 1.18646103686174 1.1792 1.18321196151575 1.1792 1.1792 1.18166435344629 1.1792 1.1792 1.17674046713819 1.18020400382479 1.1792 1.1741622673452 1.1792 1.17418256786671 1.179190663093 1.1792 1.18212565257189 1.1792
30122006 1.1653 1.1653 1.1653 1.16665012314408 1.16440342515224 1.1653 1.17214067902269 1.1653 1.16926466990697 1.16528135594571 1.1653 1.16802385617065 1.1653 1.1653 1.16345810303502 1.16629386138272 1.1653 1.16048168017201 1.1653 1.16035089927367 1.16530922691984 1.1653 1.16890020026083 1.1653
30112006 1.136 1.136 1.136 1.13688282807274 1.13556966544235 1.136 1.14190771656112 1.136 1.13988322068049 1.13600908730937 1.136 1.13779071985165 1.136 1.136 1.13478122992146 1.13567667560312 1.136 1.13153924861663 1.136 1.13116638152695 1.136 1.136 1.14051268000809 1.136
30102006 1.1227 1.1227 1.1227 1.12334793571265 1.12369997603022 1.1227 1.12854859274405 1.1227 1.12652874537215 1.1227 1.1227 1.12314925138889 1.1227 1.1227 1.12077585375982 1.11982245654292 1.1227 1.11867455770117 1.1227 1.11792297230661 1.1227 1.1227 1.12778753471986 1.1227
30092006 1.1153 1.1153 1.1153 1.11724331497035 1.11831551189117 1.1153 1.12100681567188 1.1153 1.11910350914185 1.11533569588291 1.1153 1.11438567744756 1.1153 1.1153 1.11186705988648 1.11053960995009 1.1153 1.11101954008486 1.1153 1.11055445890582 1.1153 1.1153 1.11959522797413 1.1153
30082006 1.1066 1.1066 1.1066 1.10874485849959 1.10900911241977 1.1066 1.1112163343996 1.1066 1.11033830243911 1.10657343639335 1.1066 1.1060806396279 1.1066 1.1066 1.1028646027878 1.10186866555205 1.1066 1.10221114467929 1.1066 1.10189147693462 1.10659123793989 1.1066 1.11098352880747 1.1066
30072006 1.1309 1.1309 1.1309 1.13324509168957 1.13426598401751 1.1309 1.13552237237086 1.1309 1.13474763168094 1.13077342322807 1.1309 1.13143076086385 1.1309 1.1309 1.12698629177613 1.12522928730293 1.1309 1.12641991326229 1.1309 1.1260969981881 1.13067588267004 1.1309 1.13509383075567 1.1309
30062006 1.115 1.115 1.115 1.11759957027656 1.11844571274018 1.115 1.11914130562961 1.115 1.11891877128868 1.11510696983952 1.115 1.11454668745667 1.115 1.115 1.11121668156519 1.11053085229873 1.115 1.11071207815614 1.115 1.110484597951 1.11495574009229 1.115 1.11896076940985 1.115
30052006 1.0996 1.0996 1.0996 1.10181348699842 1.10172709608474 1.0996 1.10391469272308 1.0996 1.10335879353897 1.09978491111656 1.0996 1.09801797245106 1.0996 1.0996 1.09641704789753 1.09755421188539 1.0996 1.09522213067689 1.0996 1.09519043671262 1.09946893450467 1.0996 1.10384641325517 1.0996
30042006 1.1203 1.1203 1.1203 1.12234886714716 1.12059537291219 1.1203 1.12422219815621 1.1203 1.12394054865397 1.12046178010711 1.1203 1.1193319531411 1.1203 1.1203 1.1172777494504 1.11933213612105 1.1203 1.11603160082717 1.1203 1.11594043973776 1.12012166218209 1.1203 1.12364097496472 1.1203
30032006 1.1671 1.1671 1.1671 1.16924628146422 1.16801265276725 1.1671 1.17086251144597 1.1671 1.17072356917757 1.16717499679074 1.1671 1.16625209283764 1.1671 1.1671 1.16367405337418 1.16489838095894 1.1671 1.16264735482585 1.1671 1.16274341546143 1.16700696913678 1.1671 1.17024245629106 1.1671
30022006 1.138 1.138 1.138 1.14062178694582 1.13993403186965 1.138 1.14238166454032 1.138 1.14145987138803 1.13820140142181 1.138 1.13579202199956 1.138 1.138 1.13422754634074 1.13518373302263 1.138 1.13359402343886 1.138 1.13384242064455 1.13781832399214 1.138 1.14090630068484 1.138
30012006 1.1439 1.1439 1.1439 1.14593407159658 1.14524035080303 1.1439 1.14823443390707 1.1439 1.14717478404938 1.14398293838809 1.1439 1.14255534613638 1.1439 1.1439 1.14068149800844 1.14172127939464 1.1439 1.1401472472291 1.1439 1.1399028453195 1.14378110714711 1.1439 1.14656588237509 1.1439
30122005 1.1645 1.1645 1.1645 1.16641087171086 1.16633193912666 1.1645 1.1685679296358 1.1645 1.16774909065322 1.16459389993874 1.1645 1.16254320427267 1.1645 1.1645 1.16115081421198 1.16126544133066 1.1645 1.16084342471384 1.1645 1.16055148583935 1.16435082940784 1.1645 1.1671392866643 1.1645
30112005 1.1674 1.1674 1.1674 1.16992790538741 1.16984169278179 1.1674 1.17155018819139 1.1674 1.17056279317648 1.16765463460989 1.1674 1.16559060829687 1.1674 1.1674 1.16328520481042 1.16281476165026 1.1674 1.16354492956976 1.1674 1.16359070681291 1.16719400853768 1.1674 1.16926821398873 1.1674
30102005 1.1801 1.1801 1.1801 1.18335763795281 1.18410821626409 1.1801 1.18339800225011 1.1801 1.1830391549716 1.18031023223841 1.1801 1.17830238742494 1.1801 1.1801 1.17566327575013 1.1747563510217 1.1801 1.1763525947137 1.1801 1.1764568555576 1.17994827716219 1.1801 1.18203381566282 1.1801
30092005 1.1611 1.1611 1.1611 1.16355361811429 1.16446383045259 1.1611 1.16433576761848 1.1611 1.1637845079361 1.16114706926908 1.1611 1.15999236566367 1.1611 1.1611 1.15756453290568 1.15647491277904 1.1611 1.15744016786051 1.1611 1.15766434972316 1.1609878868219 1.1611 1.16409731011069 1.1611
30082005 1.1889 1.1889 1.1889 1.19086179764257 1.19235800336998 1.1889 1.19307400753506 1.1889 1.19160047689411 1.18907371001618 1.1889 1.18791783587535 1.1889 1.1889 1.1858007727432 1.18396070040001 1.1889 1.18528305938853 1.1889 1.18549655944602 1.18867001634003 1.1889 1.19185671262118 1.1889
30072005 1.2259 1.2259 1.2259 1.22760209655401 1.22882378340247 1.2259 1.23076886972535 1.2259 1.22850502228714 1.22600961151059 1.2259 1.22364423294081 1.2259 1.2259 1.22333943111998 1.22133747815807 1.2259 1.2222884172162 1.2259 1.22262714819681 1.22568213432195 1.2259 1.22985281521766 1.2259
30062005 1.2256 1.2256 1.2256 1.22722080798082 1.22769421270158 1.2256 1.23117946180977 1.2256 1.22809457705635 1.22561993639749 1.2256 1.2231779307927 1.2256 1.2256 1.22275970589402 1.22195445664994 1.2256 1.22240422208409 1.2256 1.22254521859288 1.22556034491077 1.2256 1.22832055810802 1.2256
30052005 1.251 1.251 1.251 1.25349440843052 1.25380132735784 1.251 1.25641381390778 1.251 1.25352588536813 1.2509898248425 1.251 1.24901990172184 1.251 1.251 1.24743902355444 1.24709487211934 1.251 1.24677963782605 1.251 1.24792228698542 1.25078725257781 1.251 1.2541738351409 1.251
30042005 1.2569 1.2569 1.2569 1.25932735499299 1.25957072389091 1.2569 1.26266026384087 1.2569 1.2594480418876 1.25680803955173 1.2569 1.25239759706979 1.2569 1.2569 1.25358798548677 1.25314122956302 1.2569 1.25193236665838 1.2569 1.25402103297691 1.25673684565927 1.2569 1.2608859611775 1.2569
30032005 1.2096 1.2096 1.2096 1.21170698445427 1.21120861616259 1.2096 1.21516098835819 1.2096 1.2121408389547 1.20968850624338 1.2096 1.20529783845562 1.2096 1.2096 1.20657267787547 1.2070530577209 1.2096 1.20447699251686 1.2096 1.2069860502046 1.209472243848 1.2096 1.21304215273013 1.2096
30022005 1.2314 1.2314 1.2314 1.23338254561233 1.23188418018048 1.2314 1.23665969831569 1.2314 1.23389634718784 1.23142003269921 1.2314 1.22779303874961 1.2314 1.2314 1.22839362203871 1.23009879566955 1.2314 1.2258244692005 1.2314 1.22886873161574 1.23117953262682 1.2314 1.23535539627563 1.2314
30012005 1.215 1.215 1.215 1.21712317383516 1.21547734196979 1.215 1.21964436605141 1.215 1.21744329475223 1.21496047302193 1.215 1.21119870616043 1.215 1.215 1.21174546463969 1.21444960329451 1.215 1.20949384355601 1.215 1.21271956635563 1.21488114452056 1.215 1.21933282101956 1.215
30122004 1.2036 1.2036 1.2036 1.20603225451735 1.20472698619248 1.2036 1.20889628694757 1.2036 1.20605960613612 1.20352173488567 1.2036 1.20026379866939 1.2036 1.2036 1.20010802394736 1.20160200611197 1.2036 1.19854853934673 1.2036 1.20145849381971 1.20337395420231 1.2036 1.20736612129338 1.2036
30112004 1.185 1.185 1.185 1.18723901415792 1.18707215355028 1.185 1.18941270781394 1.185 1.18749881439164 1.18498074501355 1.185 1.18114626746051 1.185 1.185 1.18183744234234 1.18195297754235 1.185 1.1806536858325 1.185 1.18311378620465 1.18483517760932 1.185 1.19001100438707 1.185
30102004 1.2207 1.2207 1.2207 1.22251124433746 1.2228211307398 1.2207 1.22498196256399 1.2207 1.22329397235167 1.22086873456403 1.2207 1.21376750038161 1.2207 1.2207 1.21808713743401 1.21791741846104 1.2207 1.21666962070462 1.2207 1.21892650227863 1.22054995018994 1.2207 1.22532074476392 1.2207
30092004 1.2639 1.2639 1.2639 1.2658550740414 1.26662252357101 1.2639 1.26852265054177 1.2639 1.26641071876363 1.26417808256986 1.2639 1.25908639103998 1.2639 1.2639 1.26118720336537 1.2602350339889 1.2639 1.26064363158087 1.2639 1.26221889238554 1.26371326729278 1.2639 1.26924627443872 1.2639
30082004 1.3167 1.3167 1.3167 1.31919197421558 1.32042398509582 1.3167 1.32225393802972 1.3167 1.31902539395903 1.31676447616667 1.3167 1.31130148565504 1.3167 1.3167 1.31346463181507 1.31166460316494 1.3167 1.31278647048375 1.3167 1.31514296685704 1.31651595588635 1.3167 1.32191022234594 1.3167
30072004 1.3292 1.3292 1.3292 1.33188884006414 1.33332569924056 1.3292 1.33449242034563 1.3292 1.3314822699002 1.32924341308131 1.3292 1.325458731526 1.3292 1.3292 1.32562972757678 1.32268784674295 1.3292 1.32442658003763 1.3292 1.3278137828337 1.32894814443998 1.3292 1.33529820155101 1.3292
30062004 1.3404 1.3404 1.3404 1.34311374242388 1.34456390097369 1.3404 1.3455503145874 1.3404 1.34265764796012 1.34042189569983 1.3404 1.33739091479942 1.3404 1.3404 1.33710031528451 1.33484941127151 1.3404 1.33503060372553 1.3404 1.33925586333566 1.34036682711916 1.3404 1.34724778565931 1.3404
30052004 1.3658 1.3658 1.3658 1.36765417271454 1.36857651996467 1.3658 1.3705809385671 1.3658 1.36807808158528 1.36588928840385 1.3658 1.36374588745035 1.3658 1.3658 1.36319019615589 1.36208547863765 1.3658 1.36077352692372 1.3658 1.36466795591714 1.3658 1.3658 1.37118249628169 1.3658
30042004 1.3707 1.3707 1.3707 1.37144415253736 1.37238288032241 1.3707 1.37570894458941 1.3707 1.37289650219037 1.37064398927647 1.3707 1.3699690513722 1.3707 1.3707 1.36873438793476 1.36789976158869 1.3707 1.36564797570992 1.3707 1.36956389454944 1.3707 1.3707 1.37451693027373 1.3707
30032004 1.3105 1.3105 1.3105 1.31129759029991 1.31174196371723 1.3105 1.31507453949771 1.3105 1.31265367243191 1.3103502028686 1.3105 1.31005397684289 1.3105 1.3105 1.30869907996109 1.30852647745595 1.3105 1.30602001405663 1.3105 1.30941379135262 1.31051081221563 1.3105 1.31340894985498 1.3105
30022004 1.3401 1.3401 1.3401 1.34147260165066 1.34137304087243 1.3401 1.34512086603176 1.3401 1.34245576684388 1.33995794821178 1.3401 1.33867030670509 1.3401 1.3401 1.33796742097824 1.33862533179024 1.3401 1.33580510994917 1.3401 1.33897821020261 1.34008894366225 1.3401 1.34271759701473 1.3401
30012004 1.3264 1.3264 1.3264 1.32858051086525 1.32766109925848 1.3264 1.33028657127266 1.3264 1.32887254523027 1.32604392350229 1.3264 1.32661027273259 1.3264 1.3264 1.32437166790941 1.32585087946049 1.3264 1.32159209121436 1.3264 1.32530061262886 1.32637811022445 1.3264 1.32894232489246 1.3264
30122003 1.2924 1.2924 1.2924 1.29407889459387 1.29362982024559 1.2924 1.29631630726317 1.2924 1.29515685492498 1.29227410256235 1.2924 1.29293692973562 1.2924 1.2924 1.29051735949824 1.29115190389456 1.2924 1.28707051082928 1.2924 1.29135010488954 1.29242132902051 1.2924 1.29411737426484 1.2924
30112003 1.2973 1.2973 1.2973 1.29899867272902 1.29818568135382 1.2973 1.3023542087783 1.2973 1.30019396392965 1.29736317353055 1.2973 1.29770279683854 1.2973 1.2973 1.29514315416922 1.29587125044939 1.2973 1.29086712076737 1.2973 1.2962247321799 1.29731070330968 1.2973 1.29799335635862 1.2973
30102003 1.3197 1.3197 1.3197 1.32205282388513 1.31951328257657 1.3197 1.32517982565196 1.3197 1.32257952838951 1.31975358208757 1.3197 1.32252213587097 1.3197 1.3197 1.31723086042505 1.31861158546865 1.3197 1.31190415404045 1.3197 1.31859528692216 1.3197 1.3197 1.31906312861091 1.3197
30092003 1.3504 1.3504 1.3504 1.35262550097947 1.35076412618505 1.3504 1.35627705255828 1.3504 1.35329156850031 1.35029037625473 1.3504 1.35218835989202 1.3504 1.3504 1.34805457538326 1.34872212952872 1.3504 1.34167122847175 1.3504 1.34926958813343 1.35042227960048 1.3504 1.34928522747107 1.3504
30082003 1.3851 1.3851 1.3851 1.38758950976121 1.3866216046681 1.3851 1.3909006408666 1.3851 1.38817856106541 1.38497644216926 1.3851 1.38693431374884 1.3851 1.3851 1.38268625767873 1.38221614088916 1.3851 1.37612308056939 1.3851 1.38391770837528 1.38507714827792 1.3851 1.38349177619002 1.3851
30072003 1.4073 1.4073 1.4073 1.41032450083978 1.41058966896744 1.4073 1.4135501118015 1.4073 1.41055373182196 1.40693559122846 1.4073 1.40794408823285 1.4073 1.4073 1.40484551770555 1.40358027466549 1.4073 1.39806747704382 1.4073 1.40612195747939 1.40754358295151 1.4073 1.40608473701716 1.4073
30062003 1.3553 1.3553 1.3553 1.35849341593981 1.35753169884634 1.3553 1.36054816385529 1.3553 1.35878535212056 1.35522336845384 1.3553 1.35649588601482 1.3553 1.3553 1.35302783666088 1.35266063289915 1.3553 1.34669412722719 1.3553 1.35393114078619 1.35534462407249 1.3553 1.35442028767106 1.3553
30052003 1.3708 1.3708 1.3708 1.37413319737893 1.37345450326039 1.3708 1.37615033623749 1.3708 1.3744029243031 1.37075573280748 1.3708 1.36858525386449 1.3708 1.3708 1.36831258289321 1.36775204049248 1.3708 1.3622228004809 1.3708 1.36937039836626 1.3708 1.3708 1.37032668082109 1.3708
30042003 1.4335 1.4335 1.4335 1.43857189769371 1.43881955133602 1.4335 1.43887612529037 1.4335 1.43731413616141 1.43361577010018 1.4335 1.43079399412753 1.4335 1.4335 1.42989343832957 1.42931972537131 1.4335 1.42523972621406 1.4335 1.43200500879635 1.43348820227723 1.4335 1.43404367000036 1.4335
30032003 1.4693 1.4693 1.4693 1.47483759854101 1.47374950780194 1.4693 1.47495595050872 1.4693 1.47309042234824 1.46963288904214 1.4693 1.46436779319931 1.4693 1.4693 1.46568624097379 1.46602209402632 1.4693 1.46120232458738 1.4693 1.46777975297041 1.46931209245673 1.4693 1.47142565852035 1.4693
30022003 1.4871 1.4871 1.4871 1.49253497231688 1.49081274735119 1.4871 1.4925822174237 1.4871 1.4905986273224 1.48716025551275 1.4871 1.48045923058049 1.4871 1.4871 1.48394451543903 1.48501341581982 1.4871 1.47930752051469 1.4871 1.48554910957869 1.48707552118905 1.4871 1.48953532363681 1.4871
30012003 1.529 1.529 1.529 1.53386312941056 1.53199800748483 1.529 1.53626404524995 1.529 1.53253510691095 1.52917363586676 1.529 1.52320351843683 1.529 1.529 1.52607106474143 1.52770915729855 1.529 1.52105253305041 1.529 1.52743055492543 1.529 1.529 1.53165268560494 1.529
30122002 1.5796 1.5796 1.5796 1.58517654142241 1.58444359502432 1.5796 1.58842283634533 1.5796 1.58307231964825 1.5795230982671 1.5796 1.57324809120344 1.5796 1.5796 1.57669476854626 1.57737988881604 1.5796 1.5705542874001 1.5796 1.57797861645534 1.57972996224607 1.5796 1.58113372034034 1.5796
30112002 1.5654 1.5654 1.5654 1.56947305154711 1.56998180620809 1.5654 1.5743653303199 1.5654 1.56891748648446 1.56529845614436 1.5654 1.55870458719962 1.5654 1.5654 1.56274443811892 1.56319984676666 1.5654 1.55624959073652 1.5654 1.56366454092387 1.56592679670699 1.5654 1.56691993278093 1.5654
30102002 1.5603 1.5603 1.5603 1.56325817118212 1.56555101814026 1.5603 1.57020363033254 1.5603 1.56390747371691 1.56027470843287 1.5603 1.55707018548156 1.5603 1.5603 1.55831610924534 1.55699913181956 1.5603 1.55250472662615 1.5603 1.55804587311116 1.5603 1.5603 1.56218845412693 1.5603
30092002 1.5858 1.5858 1.5858 1.58914780712319 1.59295190363978 1.5858 1.59558254436549 1.5858 1.58949219545525 1.58558172317986 1.5858 1.58151708817408 1.5858 1.5858 1.58344086856352 1.58153730836362 1.5858 1.57564588270904 1.5858 1.58350903389071 1.58578701169994 1.5858 1.58636051416377 1.5858
30082002 1.5589 1.5589 1.5589 1.56164778825358 1.56640484591904 1.5589 1.56809456960093 1.5589 1.56274466794804 1.55908933628154 1.5589 1.55725813290029 1.5589 1.5589 1.55701917533204 1.55447246029829 1.5589 1.54900057110461 1.5589 1.55666064529435 1.55888723076607 1.5589 1.55916433243477 1.5589
30072002 1.5843 1.5843 1.5843 1.58597638246372 1.59127394769984 1.5843 1.59313271275288 1.5843 1.58801443882303 1.58444128507158 1.5843 1.58256297558416 1.5843 1.5843 1.58283933486623 1.57956961450484 1.5843 1.57463014076463 1.5843 1.58203711703244 1.58432595362332 1.5843 1.58452580098921 1.5843
30062002 1.5187 1.5187 1.5187 1.51998586515228 1.52476655740241 1.5187 1.52779773217656 1.5187 1.52212489725145 1.51884791333544 1.5187 1.51703489933703 1.5187 1.5187 1.51719023286786 1.51524835703063 1.5187 1.50911355405709 1.5187 1.51650597160413 1.5187 1.5187 1.51666089357066 1.5187
30052002 1.5275 1.5275 1.5275 1.52967095291112 1.53097816233628 1.5275 1.53731329154253 1.5275 1.53079565118914 1.52776077687247 1.5275 1.52831317964401 1.5275 1.5275 1.52543510494585 1.52446447884106 1.5275 1.51876871218157 1.5275 1.52529325846139 1.5275 1.5275 1.52491298045581 1.5275
30042002 1.5678 1.5678 1.5678 1.57015946673254 1.56847189644148 1.5678 1.57835899725172 1.5678 1.57091441164461 1.56788933588197 1.5678 1.56880828877076 1.5678 1.5678 1.5658938265842 1.5671310002847 1.5678 1.55733059800669 1.5678 1.56553503804632 1.56777431709646 1.5678 1.56401765565392 1.5678
30032002 1.5935 1.5935 1.5935 1.59544483314362 1.59305062364806 1.5935 1.60526020609791 1.5935 1.59657448881592 1.5938508411298 1.5935 1.5981803302646 1.5935 1.5935 1.59201313726716 1.59304451897105 1.5935 1.58159063383054 1.5935 1.59122397651404 1.59351305275575 1.5935 1.5879551643637 1.5935
30022002 1.6047 1.6047 1.6047 1.6064390652364 1.60264657015607 1.6047 1.61582689360319 1.6047 1.60744218724182 1.60483108260381 1.6047 1.61229222678086 1.6047 1.6047 1.60319621060268 1.60538974892093 1.6047 1.59252446262898 1.6047 1.60239485374549 1.60468685560993 1.6047 1.59764589424206 1.6047
30012002 1.5923 1.5923 1.5923 1.59322211463937 1.58867825725223 1.5923 1.6034634536085 1.5923 1.5948907162194 1.59226096777724 1.5923 1.60052535485059 1.5923 1.5923 1.59022620072945 1.59412499266162 1.5923 1.57926385137315 1.5923 1.5900256904947 1.59241734405122 1.5923 1.58441304836289 1.5923
30122001 1.5926 1.5926 1.5926 1.59351108823416 1.58895083304854 1.5926 1.60246416151942 1.5926 1.59523030838144 1.59232706408534 1.5926 1.60084018815941 1.5926 1.5926 1.59018559706394 1.59305574485057 1.5926 1.57944298900685 1.5926 1.59020807211229 1.59295150287094 1.5926 1.58447269938487 1.5926
30112001 1.5718 1.5718 1.5718 1.57429134998568 1.57268994197766 1.5718 1.5803986159822 1.5718 1.5746658178885 1.57137783899928 1.5718 1.57944868793093 1.5718 1.5718 1.56907817105626 1.57067463138047 1.5718 1.55893723909075 1.5718 1.56909299701926 1.57231228798298 1.5718 1.563319092552 1.5718
30102001 1.5867 1.5867 1.5867 1.59012780518291 1.59079766209709 1.5867 1.59425226144904 1.5867 1.59002003925094 1.58605694880311 1.5867 1.5898870892193 1.5867 1.5867 1.58326910594755 1.58351974795391 1.5867 1.57314525509746 1.5867 1.58345125036472 1.58744633915821 1.5867 1.57879496480755 1.5867
30092001 1.579 1.579 1.579 1.58264914783955 1.58330312520134 1.579 1.58625053092123 1.579 1.58294545720558 1.57802066027761 1.579 1.58217162278772 1.579 1.579 1.57545519801061 1.57650533191368 1.579 1.56741700509738 1.579 1.57502616790923 1.57973854857304 1.579 1.57253106084414 1.579
30082001 1.5477 1.5477 1.5477 1.5510523034377 1.5530437314145 1.5477 1.55494258163103 1.5477 1.55253017009681 1.54742698221844 1.5477 1.55080875274766 1.5477 1.5477 1.5442254654598 1.54413689449714 1.5477 1.53633977529974 1.5477 1.54308319074383 1.54784924065103 1.5477 1.54349164906329 1.5477
30072001 1.5303 1.5303 1.5303 1.53449064279614 1.53556563143991 1.5303 1.53792887962844 1.5303 1.53534670559581 1.53004285294113 1.5303 1.52908518123644 1.5303 1.5303 1.52620038379171 1.52456912997915 1.5303 1.51958517692744 1.5303 1.52558798672285 1.53054556709558 1.5303 1.52556727605081 1.5303
30062001 1.5177 1.5177 1.5177 1.52253617673239 1.52292649837773 1.5177 1.52458253822312 1.5177 1.52296106648485 1.51750603229658 1.5177 1.516495183665 1.5177 1.5177 1.51317944006601 1.51266890961272 1.5177 1.50753772534373 1.5177 1.51278402762161 1.51799164117367 1.5177 1.51412838920983 1.5177
30052001 1.5457 1.5457 1.5457 1.55021262693378 1.54972640064087 1.5457 1.55231152875002 1.5457 1.55125638407055 1.54568766267713 1.5457 1.54376044280043 1.5457 1.5457 1.54153378680548 1.54145501236704 1.5457 1.53559151645995 1.5457 1.54039733030863 1.5464273814519 1.5457 1.54445616158364 1.5457
30042001 1.5356 1.5356 1.5356 1.53874459071645 1.53826940095823 1.5356 1.54216832732647 1.5356 1.54113237809825 1.53536736202479 1.5356 1.53367311636433 1.5356 1.5356 1.53201191583186 1.5320370669619 1.5356 1.52567519856623 1.5356 1.52961216853331 1.53622135387252 1.5356 1.53668374687327 1.5356
30032001 1.5774 1.5774 1.5774 1.58110639020376 1.580392405322 1.5774 1.58289398974532 1.5774 1.58332284073454 1.57714892153183 1.5774 1.57586691486629 1.5774 1.5774 1.57300475449676 1.57281041895521 1.5774 1.56778673062 1.5774 1.57061365444648 1.57762450369534 1.5774 1.57895383107508 1.5774
30022001 1.5259 1.5259 1.5259 1.52962043918851 1.52724422455134 1.5259 1.53162775751961 1.5259 1.53187329978343 1.52548818675009 1.5259 1.5219476985534 1.5259 1.5259 1.52154993115153 1.52253964994492 1.5259 1.51729829703721 1.5259 1.51911901070643 1.52712409923105 1.5259 1.52890494357887 1.5259
30112000 1.5356 1.5356 1.5356 1.53910756938292 1.54056634099494 1.5356 1.54132154447197 1.5356 1.5427588471727 1.53574531347659 1.5356 1.5302833044581 1.5356 1.5356 1.53126361495311 1.53158433561588 1.5356 1.52362171843513 1.5356 1.52755048133639 1.5356 1.5356 1.54213134368934 1.5356
30102000 1.5271 1.5271 1.5271 1.5304868550989 1.53069988989881 1.5271 1.53336365083329 1.5271 1.53407405176063 1.52717231443309 1.5271 1.51992137330036 1.5271 1.5271 1.52277993269989 1.52355163011256 1.5271 1.51458518488509 1.5271 1.51909503780203 1.52711194750328 1.5271 1.53419270741139 1.5271
30092000 1.507 1.507 1.507 1.51013267254446 1.51122340012343 1.507 1.51446857485967 1.507 1.51381057275221 1.5069286407633 1.507 1.49999292423495 1.507 1.507 1.50287155656766 1.50320862274201 1.507 1.49521370824201 1.507 1.49908867238611 1.50697641867409 1.507 1.51405543509577 1.507
30082000 1.4722 1.4722 1.4722 1.47579726180647 1.47808566528174 1.4722 1.47912904508968 1.4722 1.47892333115186 1.47218838505567 1.4722 1.4637635810577 1.4722 1.4722 1.4679412745903 1.46660154590677 1.4722 1.46134778479879 1.4722 1.46449427883458 1.47224607031707 1.4722 1.47913038746224 1.4722
30072000 1.4872 1.4872 1.4872 1.49074128747304 1.49204815434755 1.4872 1.49361940867891 1.4872 1.49400362101476 1.4872939007495 1.4872 1.47824522437787 1.4872 1.4872 1.48274295822127 1.48140031081929 1.4872 1.47701239063053 1.4872 1.47936947185311 1.48718836693587 1.4872 1.49423699194554 1.4872
30062000 1.4793 1.4793 1.4793 1.4821780780641 1.48283066223103 1.4793 1.48695935000655 1.4793 1.48597365689013 1.47906665345238 1.4793 1.47266417839056 1.4793 1.4793 1.47558632255176 1.47496954331922 1.4793 1.4693559168466 1.4793 1.47152257801831 1.47899879461675 1.4793 1.48630114924597 1.4793
30052000 1.4978 1.4978 1.4978 1.50038622803382 1.49979971232215 1.4978 1.50485015430873 1.4978 1.50479448515381 1.49815463501847 1.4978 1.49025537415766 1.4978 1.4978 1.49410635377437 1.49339047977012 1.4978 1.48783899995314 1.4978 1.49022874486315 1.49750605191925 1.4978 1.50516654785212 1.4978
30042000 1.4811 1.4811 1.4811 1.48476148006812 1.48417824579796 1.4811 1.48828866233128 1.4811 1.48766426366517 1.48129915213953 1.4811 1.47443136776989 1.4811 1.4811 1.47662948319084 1.47644670842781 1.4811 1.47126135033074 1.4811 1.47390242008573 1.48090194598963 1.4811 1.48722807773509 1.4811
30032000 1.4535 1.4535 1.4535 1.45668922433764 1.45547021317331 1.4535 1.4609124151692 1.4535 1.45974565914938 1.45376492939604 1.4535 1.44528006998119 1.4535 1.4535 1.44973788488653 1.44977811402854 1.4535 1.44472873518754 1.4535 1.44662999018681 1.45336261163999 1.4535 1.46014099614087 1.4535
30022000 1.4488 1.4488 1.4488 1.45154405658213 1.45009154121921 1.4488 1.45641644193484 1.4488 1.45476030423586 1.4487655265128 1.4488 1.44171737127458 1.4488 1.4488 1.44560999968905 1.44592860387854 1.4488 1.43931717365025 1.4488 1.44208851459144 1.44847987860353 1.4488 1.455333726237 1.4488
30012000 1.4512 1.4512 1.4512 1.45428242512102 1.45338144991663 1.4512 1.45715160796055 1.4512 1.45720485121471 1.45137276399065 1.4512 1.4443552896819 1.4512 1.4512 1.44799710141063 1.44816218183971 1.4512 1.44182174658748 1.4512 1.44479663355263 1.4510278630872 1.4512 1.45711533514965 1.4512
30121999 1.4433 1.4433 1.4433 1.44591838551538 1.44547161485482 1.4433 1.4488992891942 1.4433 1.44909964823602 1.44342615808752 1.4433 1.43628074646174 1.4433 1.4433 1.44018146485331 1.44027871902512 1.4433 1.43456538362043 1.4433 1.43710195665705 1.44343699398747 1.4433 1.44838492412479 1.4433
30111999 1.4728 1.4728 1.4728 1.47558687375864 1.47592001254925 1.4728 1.47797743610454 1.4728 1.47858894614309 1.47276487856037 1.4728 1.46539049745238 1.4728 1.4728 1.46969536767514 1.46987226764725 1.4728 1.46420744956358 1.4728 1.46633609266002 1.47254362365428 1.4728 1.47676181040793 1.4728
30101999 1.471 1.471 1.471 1.47412744487793 1.4752159961741 1.471 1.47615875212801 1.471 1.47681708834784 1.47118721566501 1.471 1.46507550790576 1.471 1.471 1.46782512492247 1.46674151963643 1.471 1.46210922527387 1.471 1.46479897617573 1.47102330278579 1.471 1.47392544873261 1.471
30091999 1.47 1.47 1.47 1.47255657338634 1.47445930994878 1.47 1.47427440769083 1.47 1.47562532949963 1.46983630156904 1.47 1.46186177058587 1.47 1.47 1.46725750674754 1.46615449300681 1.47 1.46060267527207 1.47 1.46378000328107 1.46982525169131 1.47 1.47299533915269 1.47
30081999 1.4958 1.4958 1.4958 1.49807309888127 1.5001342135695 1.4958 1.50062049093191 1.4958 1.50169128732861 1.49602614500182 1.4958 1.4918192292682 1.4958 1.4958 1.49315379116124 1.49217764660271 1.4958 1.48552867019358 1.4958 1.48964791997442 1.49570505870696 1.4958 1.50018923115698 1.4958
30071999 1.5063 1.5063 1.5063 1.50824575400239 1.5104352241063 1.5063 1.5109482117375 1.5063 1.51200404729581 1.50632399426553 1.5063 1.50325438774971 1.5063 1.5063 1.50386158695337 1.50280416314091 1.5063 1.49617015551399 1.5063 1.50019995506152 1.5060247377968 1.5063 1.50965618408168 1.5063
30061999 1.472 1.472 1.472 1.47390325717298 1.47512624759807 1.472 1.47626997932643 1.472 1.47755062396429 1.47223474260387 1.472 1.46971240931317 1.472 1.472 1.46946819441999 1.4687202714542 1.472 1.46189447695502 1.472 1.46630681318098 1.47197657934297 1.472 1.47409154454559 1.472
30051999 1.477 1.477 1.477 1.47903031515455 1.47947507599397 1.477 1.47895454983332 1.477 1.48233308754517 1.47678802587664 1.477 1.47589177058717 1.477 1.477 1.47423326177611 1.47373070421872 1.477 1.46644172984443 1.477 1.47131088460321 1.477 1.477 1.47944393801929 1.477
30041999 1.4576 1.4576 1.4576 1.45882746300008 1.45961676005664 1.4576 1.45952887734398 1.4576 1.46307301423524 1.4574259477882 1.4576 1.45528255460518 1.4576 1.4576 1.45552540562683 1.45553426382208 1.4576 1.44705093671587 1.4576 1.45198560961248 1.45768115393634 1.4576 1.45951717746928 1.4576
30031999 1.5092 1.5092 1.5092 1.51012829759606 1.50991074433207 1.5092 1.51079673861897 1.5092 1.51504767459012 1.50909199297997 1.5092 1.50374069891659 1.5092 1.5092 1.5071975590658 1.50751709464989 1.5092 1.49653748701632 1.5092 1.5033031579709 1.50913998942187 1.5092 1.51154133020313 1.5092
30021999 1.5074 1.5074 1.5074 1.50820971024873 1.50763681795542 1.5074 1.50921086332553 1.5074 1.51334900410373 1.50761587231091 1.5074 1.50445395174217 1.5074 1.5074 1.50531642772636 1.50571709116726 1.5074 1.49469914256457 1.5074 1.50156989822623 1.50724402957247 1.5074 1.50953932175194 1.5074
