30112014	1.1427	1.1427	NaN	1.144921247	1.143760513	NaN	NaN	NaN	1.14355351	1.142718877	NaN	NaN	NaN	1.1427	1.141113982	1.142349962	NaN	1.137543584	1.1427	1.142614339	1.1427	1.1427	1.146480512	1.1427
30102014	1.1275	1.1275	1.1275	1.129381852	1.128985664	NaN	1.135609717	1.1275	1.128323517	1.127462753	NaN	1.124465911	1.1275	1.1275	1.125939411	1.1261191	1.1275	1.121795767	1.1275	1.127415479	1.1275	1.1275	1.131477661	1.1275
30092014	1.1208	1.1208	1.1208	1.1227517	1.123206417	1.1208	1.129127454	1.1208	1.121655678	1.120781492	1.1208	1.116583328	1.1208	1.1208	1.119247251	1.118390015	1.1208	1.114904515	1.1208	1.120715981	1.1208	1.1208	1.124619267	1.1208
30082014	1.0858	1.0858	1.0858	1.087690753	1.089584799	1.0858	1.093898598	1.0858	1.086646901	1.085791036	1.0858	1.081121671	1.0858	1.0858	1.083961722	1.082463092	1.0858	1.07994318	1.0858	1.085718605	1.0858	1.0858	1.090231564	1.0858
30072014	1.089	1.089	1.089	1.091116862	1.093687056	1.089	1.096219366	1.089	1.089858394	1.089017981	1.089	1.084802077	1.089	1.089	1.087156305	1.084977679	1.089	1.083163622	1.089	1.088918365	1.089009066	1.089	1.092803576	1.089
30062014	1.067	1.067	1.067	1.068999896	1.071003541	1.067	1.074197931	1.067	1.067823421	1.06700881	1.067	1.06371453	1.067	1.067	1.065107137	1.063383487	1.067	1.061373221	1.067	1.066911131	1.066991117	1.067	1.070655436	1.067
30052014	1.0869	1.0869	1.0869	1.088731401	1.090117954	1.0869	1.094625056	1.0869	1.087729797	1.086882052	1.0869	1.083737911	1.0869	1.0869	1.085134473	1.084217077	1.0869	1.081447479	1.0869	1.086818522	1.0869	1.0869	1.089991548	1.0869
30042014	1.0957	1.0957	1.0957	1.097109111	1.097913926	1.0957	1.103462556	1.0957	1.096554623	1.095754292	1.0957	1.092313644	1.0957	1.0957	1.094257646	1.094008832	1.0957	1.090365046	1.0957	1.095617863	1.095690877	1.0957	1.099132891	1.0957
30032014	1.1053	1.1053	1.1053	1.106343732	1.106776462	1.1053	1.110511963	1.1053	1.106107302	1.105309131	1.1053	1.102283907	1.1053	1.1053	1.104268445	1.104614754	1.1053	1.099691436	1.1053	1.105226345	1.105290796	1.1053	1.107883716	1.1053
30022014	1.114	1.114	1.114	1.115372246	1.114	1.114	1.119075714	1.114	1.114804447	1.113981595	1.114	1.111284337	1.114	1.114	1.112518412	1.113653661	1.114	1.109086377	1.114	1.113935041	1.114	1.114	1.116620653	1.114
30012014	1.1119	1.1119	1.1119	1.113042182	1.111443302	1.1119	1.116856681	1.1119	1.112721314	1.1119	1.1119	1.109723886	1.1119	1.1119	1.110503553	1.11224644	1.1119	1.106444926	1.1119	1.111835164	1.111918517	1.1119	1.115265682	1.1119
30122013	1.064	1.064	1.064	1.064793021	1.064	1.064	1.068553575	1.064	1.064785933	1.06395607	1.064	1.061481488	1.064	1.064	1.062915677	1.063834048	1.064	1.058779927	1.064	1.063920239	1.063991141	1.064	1.066823909	1.064
30112013	1.0595	1.0595	1.0595	1.060078902	1.059935354	1.0595	1.064034316	1.0595	1.060326387	1.059517496	1.0595	1.056817516	1.0595	1.0595	1.058672066	1.058674006	1.0595	1.05370765	1.0595	1.059429397	1.059508822	1.0595	1.062348254	1.0595
30102013	1.0456	1.0456	1.0456	1.046527106	1.046177229	1.0456	1.049656796	1.0456	1.046398266	1.045539585	1.0456	1.044524309	1.0456	1.0456	1.044539417	1.044461087	1.0456	1.040215186	1.0456	1.045521618	1.045591294	1.0456	1.0483292	1.0456
30092013	1.03	1.03	1.03	1.030907745	1.030553021	1.03	1.03359597	1.03	1.030845918	1.029991501	1.03	1.029726536	1.03	1.03	1.028701383	1.028706295	1.03	1.024369465	1.03	1.029931363	1.03	1.03	1.032258076	1.03
30082013	1.0553	1.0553	1.0553	1.056446784	1.057889966	1.0553	1.059379241	1.0553	1.056175412	1.055291293	1.0553	1.0553	1.0553	1.0553	1.053593722	1.05278505	1.0553	1.049400984	1.0553	1.055229677	1.055308787	1.0553	1.056497182	1.0553
30072013	1.0293	1.0293	1.0293	1.030283338	1.03182815	1.0293	1.033676909	1.0293	1.030162343	1.029291509	1.0293	1.029482129	1.0293	1.0293	1.027781659	1.026411076	1.0293	1.023652597	1.0293	1.02922284	1.0293	1.0293	1.031054621	1.0293
30062013	1.0469	1.0469	1.0469	1.047539889	1.048471257	1.0469	1.051804248	1.0469	1.047785732	1.046917274	1.0469	1.046623518	1.0469	1.0469	1.045722698	1.044842333	1.0469	1.041085623	1.0469	1.046821521	1.046917431	1.0469	1.048347262	1.0469
30052013	1.0339	1.0339	1.0339	1.034253832	1.034607785	1.0339	1.038910439	1.0339	1.034757659	1.033908531	1.0339	1.032171849	1.0339	1.0339	1.032954827	1.032884734	1.0339	1.028014649	1.0339	1.033805282	1.033934419	1.0339	1.035499142	1.0339
30042013	1.0138	1.0138	1.0138	1.014635393	1.01504067	1.0138	1.018183924	1.0138	1.014632614	1.013808366	1.0138	1.012188614	1.0138	1.0138	1.012873202	1.012804472	1.0138	1.008256297	1.0138	1.013673378	1.013791564	1.0138	1.016690599	1.0138
30032013	1.0156	1.0156	1.0156	1.016639902	1.01684494	1.0156	1.019400949	1.0156	1.016425704	1.015616764	1.0156	1.016496944	1.0156	1.0156	1.013948157	1.014314696	1.0156	1.010013614	1.0156	1.015481603	1.015608451	1.0156	1.017583684	1.0156
30022013	1.0285	1.0285	1.0285	1.028924425	1.028213049	1.0285	1.032481865	1.0285	1.029319202	1.028525472	1.0285	1.029956834	1.0285	1.0285	1.027182229	1.027625795	1.0285	1.02231522	1.0285	1.028371542	1.028491442	1.0285	1.030261838	1.0285
30012013	0.9992	0.9992	0.9992	0.999893949	0.998657191	0.9992	1.003127654	0.9992	0.999971099	0.999158761	0.9992	0.998844981	0.9992	0.9992	0.997772741	0.99905834	0.9992	0.992857285	0.9992	0.999083515	0.999216629	0.9992	1.001004717	0.9992
30122012	0.9952	0.9952	0.9952	0.995879868	0.994923703	0.9952	0.998838752	0.9952	0.996009119	0.995191788	0.9952	0.9952	0.9952	0.9952	0.993710618	0.994918433	0.9952	0.98939401	0.9952	0.995067422	0.9952	0.9952	0.997258089	0.9952
30112012	0.9932	0.9932	0.9932	0.994155119	0.9932	0.9932	0.99759043	0.9932	0.994015695	0.993191805	0.9932	0.993020284	0.9932	0.9932	0.991435249	0.992359372	0.9932	0.987380963	0.9932	0.993067688	0.9932	0.9932	0.994686495	0.9932
30102012	0.9996	0.9996	0.9996	1.0005628	1.000024251	0.9996	1.005068839	0.9996	1.000429206	0.9996	0.9996	0.998967425	0.9996	0.9996	0.997968643	0.998189124	0.9996	0.994102402	0.9996	0.999466835	0.999583365	0.9996	1.001846147	0.9996
30092012	0.9814	0.9814	0.9814	0.982412347	0.98220679	0.9814	0.986797663	0.9814	0.982214109	0.981375712	0.9814	0.980334982	0.9814	0.9814	0.980002956	0.979449715	0.9814	0.976383553	0.9814	0.98128559	0.981391833	0.9814	0.983692757	0.9814
30082012	0.9863	0.9863	0.9863	0.987319926	0.98738967	0.9863	0.991622174	0.9863	0.987142604	0.986348828	0.9863	0.984234906	0.9863	0.9863	0.985171815	0.984611116	0.9863	0.979903885	0.9863	0.986193226	0.986324622	0.9863	0.989821718	0.9863
30072012	1.0014	1.0014	1.0014	1.002643336	1.003336493	1.0014	1.00656867	1.0014	1.002205888	1.001457876	1.0014	0.999661952	1.0014	1.0014	1.00004049	0.998682826	1.0014	0.993981001	1.0014	1.001266596	1.0014	1.0014	1.005172388	1.0014
30062012	1.0191	1.0191	1.0191	1.02014864	1.020776263	1.0191	1.024108767	1.0191	1.01986119	1.01900747	1.0191	1.018176307	1.0191	1.0191	1.017645562	1.01633953	1.0191	1.011416397	1.0191	1.018964238	1.0191	1.0191	1.023030497	1.0191
30052012	1.0349	1.0349	1.0349	1.036609373	1.036891398	1.0349	1.039495817	1.0349	1.035767034	1.03487439	1.0349	1.035087499	1.0349	1.0349	1.032977002	1.032099128	1.0349	1.026904419	1.0349	1.034762133	1.034882778	1.0349	1.039243755	1.0349
30042012	0.9884	0.9884	0.9884	0.989972832	0.989884815	0.9884	0.992963418	0.9884	0.989252557	0.988489724	0.9884	0.987319175	0.9884	0.9884	0.986200193	0.986568959	0.9884	0.980965078	0.9884	0.988284774	0.988391774	0.9884	0.991390946	0.9884
30032012	0.9991	0.9991	0.9991	1.001261142	1.000339913	0.9991	1.003585954	0.9991	0.999871022	0.999091751	0.9991	0.997303311	0.9991	0.9991	0.996712502	0.998241296	0.9991	0.991250481	0.9991	0.99899184	0.999075052	0.9991	1.002563287	0.9991
30022012	0.9866	0.9866	0.9866	0.988600843	0.987550477	0.9866	0.991067558	0.9866	0.987369527	0.986648886	0.9866	0.984448079	0.9866	0.9866	0.984232083	0.986032662	0.9866	0.978631435	0.9866	0.986517828	0.986583572	0.9866	0.989261323	0.9866
30012012	1.0052	1.0052	1.0052	1.007101896	1.005752747	1.0052	1.009595316	1.0052	1.00593419	1.005241529	1.0052	1.002158215	1.0052	1.0052	1.002702425	1.0052	1.0052	0.997557104	1.0052	1.005133016	1.00519163	1.0052	1.007668179	1.0052
30122011	1.021	1.021	1.021	1.023431171	1.021422188	1.021	1.02507578	1.021	1.021703519	1.020949387	1.021	1.016875459	1.021	1.021	1.018165079	1.020852998	1.021	1.013055701	1.021	1.020940464	1.021008502	1.021	1.024140282	1.021
30112011	1.0197	1.0197	1.0197	1.022122498	1.021106459	1.0197	1.023372053	1.0197	1.02045321	1.019716847	1.0197	1.01558071	1.0197	1.0197	1.016795545	1.018670962	1.0197	1.01169783	1.0197	1.019632049	1.019691509	1.0197	1.023017651	1.0197
30102011	0.9957	0.9957	0.9957	0.998289766	0.997373123	0.9957	0.998511392	0.9957	0.99641902	0.9957	0.9957	0.99314719	0.9957	0.9957	0.992576153	0.993112595	0.9957	0.987754438	0.9957	0.99564194	0.995708291	0.9957	0.998348702	0.9957
30092011	1.0389	1.0389	1.0389	1.041537332	1.042106042	1.0389	1.041678173	1.0389	1.039650216	1.03884852	1.0389	1.038656526	1.0389	1.0389	1.035704413	1.034860576	1.0389	1.030452637	1.0389	1.03883077	1.0389173	1.0389	1.041758501	1.0389
30082011	0.9784	0.9784	0.9784	0.980612608	0.981426957	0.9784	0.981262558	0.9784	0.979155047	0.9784	0.9784	0.97821659	0.9784	0.9784	0.975462729	0.974269411	0.9784	0.972004201	0.9784	0.978318511	0.978375561	0.9784	0.981345151	0.9784
30072011	0.9538	0.9538	0.9538	0.95623163	0.956886524	0.9538	0.956419861	0.9538	0.954536063	0.953807876	0.9538	0.953262494	0.9538	0.9538	0.951005105	0.94906616	0.9538	0.949153494	0.9538	0.953744383	0.953815884	0.9538	0.956453374	0.9538
30062011	0.9643	0.9643	0.9643	0.96722211	0.968497308	0.9643	0.967368107	0.9643	0.965036198	0.964268157	0.9643	0.961153434	0.9643	0.9643	0.961476819	0.959090547	0.9643	0.960370501	0.9643	0.964227713	0.9643	0.9643	0.966985385	0.9643
30052011	0.9771	0.9771	0.9771	0.979726431	0.980395854	0.9771	0.980341543	0.9771	0.977878262	0.977083872	0.9771	0.973179726	0.9771	0.9771	0.974518279	0.972523126	0.9771	0.973223756	0.9771	0.977026753	0.977108135	0.9771	0.981034816	0.9771
30042011	0.9486	0.9486	0.9486	0.951158659	0.951941347	0.9486	0.951475774	0.9486	0.949371232	0.948646985	0.9486	0.945476706	0.9486	0.9486	0.946501669	0.945113131	0.9486	0.945018813	0.9486	0.948520993	0.948631583	0.9486	0.953167223	0.9486
30032011	0.9718	0.9718	0.9718	0.973536496	0.973735305	0.9718	0.974930784	0.9718	0.972541923	0.971759888	0.9718	0.96660509	0.9718	0.9718	0.970140534	0.969643768	0.9718	0.968525245	0.9718	0.971686709	0.971816173	0.9718	0.976420306	0.9718
30022011	0.9809	0.9809	0.9809	0.982794149	0.982302509	0.9809	0.983878827	0.9809	0.981689391	0.98088381	0.9809	0.976217519	0.9809	0.9809	0.979585973	0.979153056	0.9809	0.977427629	0.9809	0.980769327	0.980908161	0.9809	0.985019644	0.9809
30012011	1.0022	1.0022	1.0022	1.004148073	1.004067368	1.0022	1.00507391	1.0022	1.003023087	1.002191731	1.0022	0.998812256	1.0022	1.0022	1.001001176	1.001304777	1.0022	0.999433021	1.0022	1.002058152	1.002208337	1.0022	1.007044562	1.0022
30122010	1.0009	1.0009	1.0009	1.002550177	1.002611164	1.0009	1.00406157	1.0009	1.001730285	1.000916518	1.0009	0.996154895	1.0009	1.0009	1.00000192	1.00045267	1.0009	0.998200056	1.0009	1.000750011	1.000908325	1.0009	1.005339619	1.0009
30112010	1.0264	1.0264	1.0264	1.028468739	1.02845623	1.0264	1.029536479	1.0264	1.027234485	1.026450838	1.0264	1.020830587	1.0264	1.0264	1.025401881	1.025788136	1.0264	1.02367769	1.0264	1.026237654	1.0264	1.0264	1.030888996	1.0264
30102010	1.0188	1.0188	1.0188	1.02041698	1.02070809	1.0188	1.021511905	1.0188	1.019577806	1.018825242	1.0188	1.010984576	1.0188	1.0188	1.017808382	1.01803987	1.0188	1.016332231	1.0188	1.018638856	1.0188	1.0188	1.023265133	1.0188
30092010	1.0298	1.0298	1.0298	1.031284877	1.031429505	1.0298	1.032846551	1.0298	1.03056067	1.029970302	1.0298	1.022159383	1.0298	1.0298	1.028796774	1.028568177	1.0298	1.027432052	1.0298	1.029637116	1.0298	1.0298	1.035054321	1.0298
30082010	1.0639	1.0639	1.0639	1.065507267	1.066487932	1.0639	1.067232298	1.0639	1.064509816	1.063944037	1.0639	1.055581228	1.0639	1.0639	1.062813787	1.062833079	1.0639	1.062179757	1.0639	1.063731722	1.063891151	1.0639	1.07052632	1.0639
30072010	1.029	1.029	1.029	1.029809361	1.031083037	1.029	1.032056042	1.029	1.029547197	1.029051139	1.029	1.021818626	1.029	1.029	1.028104498	1.027411181	1.029	1.027432532	1.029	1.0288458	1.029	1.029	1.035788173	1.029
30062010	1.0606	1.0606	1.0606	1.061828618	1.062283985	1.0606	1.06346691	1.0606	1.061111266	1.060731917	1.0606	1.056021171	1.0606	1.0606	1.058835582	1.059091529	1.0606	1.059090142	1.0606	1.060441065	1.060617643	1.0606	1.067416975	1.0606
30052010	1.0499	1.0499	1.0499	1.051505278	1.052028898	1.0499	1.053304258	1.0499	1.050275475	1.049926139	1.0499	1.045952112	1.0499	1.0499	1.047968183	1.048421326	1.0499	1.048471733	1.0499	1.049725206	1.0499	1.0499	1.054321246	1.0499
30042010	1.0116	1.0116	1.0116	1.012771148	1.012916582	1.0116	1.015804938	1.0116	1.011936583	1.011692415	1.0116	1.010018508	1.0116	1.0116	1.009673671	1.01030991	1.0116	1.010385778	1.0116	1.011431582	1.011566341	1.0116	1.014870313	1.0116
30032010	1.0156	1.0156	1.0156	1.016926989	1.016921788	1.0156	1.020180808	1.0156	1.015845111	1.015701332	1.0156	1.014957353	1.0156	1.0156	1.013805811	1.014897193	1.0156	1.013815395	1.0156	1.015464704	1.015574647	1.0156	1.016996294	1.0156
30022010	1.0526	1.0526	1.0526	1.054222097	1.05322084	1.0526	1.058714123	1.0526	1.052749002	1.052591244	1.0526	1.056932686	1.0526	1.0526	1.050328133	1.051506238	1.0526	1.050920809	1.0526	1.052486049	1.052582478	1.0526	1.053413854	1.0526
30012010	1.065	1.065	1.065	1.066166118	1.06452107	1.065	1.072543028	1.065	1.065159618	1.064982284	1.065	1.073917992	1.065	1.065	1.062619371	1.064791225	1.065	1.062010984	1.065	1.064902433	1.065008865	1.065	1.063198289	1.065
30122009	1.0466	1.0466	1.0466	1.047438534	1.047363238	1.0466	1.055293575	1.0466	1.046774274	1.046573891	1.0466	1.057919789	1.0466	1.0466	1.045012082	1.044606365	1.0466	1.042241522	1.0466	1.046495408	1.0466	1.0466	1.042065716	1.0466
30112009	1.0574	1.0574	1.0574	1.057482294	1.058489647	1.0574	1.066765168	1.0574	1.057602455	1.0574	1.0574	1.069810252	1.0574	1.0574	1.057567029	1.054998201	1.0574	1.052747287	1.0574	1.057294329	1.0574	1.0574	1.050930109	1.0574
30102009	1.0774	1.0774	1.0774	1.076616583	1.078492454	1.0774	1.087211253	1.0774	1.077606284	1.077408958	1.0774	1.090983744	1.0774	1.0774	1.078562155	1.074671175	1.0774	1.071593919	1.0774	1.07729233	1.077426899	1.0774	1.071777438	1.0774
30092009	1.0722	1.0722	1.0722	1.071502954	1.073606434	1.0722	1.082214315	1.0722	1.072396372	1.072182171	1.0722	1.088034127	1.0722	1.0722	1.073532878	1.069154854	1.0722	1.065518233	1.0722	1.072066084	1.072208921	1.0722	1.062099486	1.0722
30082009	1.0967	1.0967	1.0967	1.095826592	1.099434255	1.0967	1.106918301	1.0967	1.096919099	1.0967	1.0967	1.111206186	1.0967	1.0967	1.098637037	1.093106862	1.0967	1.089629681	1.0967	1.0965539	1.0967	1.0967	1.08399663	1.0967
30072009	1.079	1.079	1.079	1.078766345	1.081850695	1.079	1.08966716	1.079	1.079215563	1.079	1.079	1.092154627	1.079	1.079	1.080293981	1.074392159	1.079	1.071303464	1.079	1.078856258	1.079044876	1.079	1.065913531	1.079
30062009	1.1583	1.1583	1.1583	1.15838106	1.159311366	1.1583	1.170205405	1.1583	1.158531406	1.158338526	1.1583	1.170240574	1.1583	1.1583	1.159544248	1.156991801	1.1583	1.149973857	1.1583	1.158097528	1.158271099	1.1583	1.144486737	1.1583
30052009	1.0961	1.0961	1.0961	1.096418026	1.095142078	1.0961	1.107262915	1.0961	1.096282516	1.096054433	1.0961	1.105892357	1.0961	1.0961	1.096775303	1.098942471	1.0961	1.088694081	1.0961	1.095935745	1.096072643	1.0961	1.083920756	1.0961
30042009	1.194	1.194	1.194	1.195231307	1.19105653	1.194	1.206007381	1.194	1.194248465	1.193831427	1.194	1.20468814	1.194	1.194	1.194383	1.199615616	1.194	1.185049908	1.194	1.193850871	1.194029801	1.194	1.180468184	1.194
30032009	1.2602	1.2602	1.2602	1.261692198	1.256913273	1.2602	1.272956249	1.2602	1.260640223	1.259803418	1.2602	1.271735984	1.2602	1.2602	1.259958105	1.266933324	1.2602	1.250449336	1.2602	1.260011154	1.260241924	1.2602	1.247048479	1.2602
30022009	1.2707	1.2707	1.2707	1.271832662	1.265519475	1.2707	1.283235104	1.2707	1.271544043	1.270563529	1.2707	1.278151858	1.2707	1.2707	1.2707	1.279360981	1.2707	1.260214097	1.2707	1.270467316	1.270626015	1.2707	1.25954907	1.2707
30012009	1.2364	1.2364	1.2364	1.237586979	1.232607337	1.2364	1.248155653	1.2364	1.23735415	1.236379585	1.2364	1.243121231	1.2364	1.2364	1.236315584	1.244697959	1.2364	1.226680554	1.2364	1.236245575	1.236410287	1.2364	1.228045751	1.2364
30122008	1.2246	1.2246	1.2246	1.226582717	1.2236981	1.2246	1.235437342	1.2246	1.225565279	1.223704572	1.2246	1.229300825	1.2246	1.2246	1.223519693	1.228537739	1.2246	1.217123202	1.2246	1.224436861	1.224834094	1.2246	1.2188382	1.2246
30112008	1.2372	1.2372	1.2372	1.239847232	1.239012759	1.2372	1.246874006	1.2372	1.239081227	1.236816074	1.2372	1.241382901	1.2372	1.2372	1.233450119	1.235555435	1.2372	1.229893201	1.2372	1.236798757	1.237794085	1.2372	1.232933288	1.2372
30102008	1.2165	1.2165	1.2165	1.219886451	1.222018415	1.2165	1.226073625	1.2165	1.218727946	1.216837798	1.2165	1.220342795	1.2165	1.2165	1.21160762	1.21150386	1.2165	1.210397182	1.2165	1.215521795	1.217340171	1.2165	1.211882834	1.2165
30092008	1.0599	1.0599	1.0599	1.062936143	1.065194212	1.0599	1.067891692	1.0599	1.061546371	1.059347031	1.0599	1.062181363	1.0599	1.0599	1.055277241	1.053842447	1.0599	1.055256977	1.0599	1.058316797	1.060064693	1.0599	1.05857422	1.0599
30082008	1.0626	1.0626	1.0626	1.065562862	1.068852794	1.0626	1.070921502	1.0626	1.064806094	1.062686419	1.0626	1.067768233	1.0626	1.0626	1.057838456	1.055406441	1.0626	1.05721322	1.0626	1.060847923	1.062608681	1.0626	1.062444135	1.0626
30072008	1.0257	1.0257	1.0257	1.028336017	1.030832432	1.0257	1.033694581	1.0257	1.027745901	1.025474992	1.0257	1.030112807	1.0257	1.0257	1.021504633	1.0187229	1.0257	1.020646163	1.0257	1.024000401	1.025691621	1.0257	1.025978109	1.0257
30062008	1.0186	1.0186	1.0186	1.020473014	1.022654217	1.0186	1.025990068	1.0186	1.020855684	1.018566943	1.0186	1.02279055	1.0186	1.0186	1.015163193	1.013544549	1.0186	1.013401954	1.0186	1.016920473	1.018583355	1.0186	1.018544473	1.0186
30052008	0.9942	0.9942	0.9942	0.995598172	0.996998311	0.9942	1.001195729	0.9942	0.996433988	0.994224198	0.9942	0.998856003	0.9942	0.9942	0.990955868	0.989497713	0.9942	0.98898055	0.9942	0.992576925	0.994443396	0.9942	0.994370154	0.9942
30042008	1.0095	1.0095	1.0095	1.010626855	1.010544109	1.0095	1.016546433	1.0095	1.011743742	1.010050768	1.0095	1.012011735	1.0095	1.0095	1.006254618	1.00552622	1.0095	1.003812854	1.0095	1.007605269	1.009771023	1.0095	1.01080209	1.0095
30032008	1.0279	1.0279	1.0279	1.029444064	1.028659224	1.0279	1.03462778	1.0279	1.029622892	1.026890628	1.0279	1.029120386	1.0279	1.0279	1.024565353	1.024810179	1.0279	1.022218318	1.0279	1.025695363	1.028208365	1.0279	1.029842358	1.0279
30022008	0.9798	0.9798	0.9798	0.981568934	0.979507753	0.9798	0.985516076	0.9798	0.982406969	0.979626208	0.9798	0.981714966	0.9798	0.9798	0.976336933	0.97765716	0.9798	0.975187388	0.9798	0.977405311	0.980557925	0.9798	0.981651466	0.9798
30012008	1.0022	1.0022	1.0022	1.004159143	1.002342311	1.0022	1.007992919	1.0022	1.005044839	1.00187778	1.0022	1.002539237	1.0022	1.0022	0.998853311	1.000826175	1.0022	0.997461697	1.0022	0.998977804	1.002440734	1.0022	1.003486075	1.0022
30122007	0.9881	0.9881	0.9881	0.990112472	0.987805553	0.9881	0.993882847	0.9881	0.991223506	0.988052446	0.9881	0.988434464	0.9881	0.9881	0.984593012	0.986338785	0.9881	0.983147271	0.9881	0.98468661	0.988297264	0.9881	0.989834616	0.9881
30112007	1.0008	1.0008	1.0008	1.002763519	1.0008	1.0008	1.007306275	1.0008	1.004011972	1.000759883	1.0008	1.001138763	1.0008	1.0008	0.997936401	0.999004331	1.0008	0.995698644	1.0008	0.997143668	1.001015249	1.0008	1.002276827	1.0008
30102007	0.9499	0.9499	0.9499	0.95183467	0.951038194	0.9499	0.955990986	0.9499	0.952986814	0.949793488	0.9499	0.950221534	0.9499	0.9499	0.947715499	0.947532113	0.9499	0.944766987	0.9499	0.946226115	0.950035904	0.9499	0.951230747	0.9499
30092007	0.9963	0.9963	0.9963	0.997731048	0.998557889	0.9963	1.002794043	0.9963	0.999649687	0.996379789	0.9963	0.99663724	0.9963	0.9963	0.994703928	0.992830624	0.9963	0.990945862	0.9963	0.992304685	0.996363271	0.9963	0.997695751	0.9963
30082007	1.0564	1.0564	1.0564	1.058311452	1.060534227	1.0564	1.063333985	1.0564	1.059866871	1.055935812	1.0564	1.056443762	1.0564	1.0564	1.054340934	1.051244674	1.0564	1.051161005	1.0564	1.052096861	1.05660097	1.0564	1.057583096	1.0564
30072007	1.0657	1.0657	1.0657	1.067629942	1.069718724	1.0657	1.072670261	1.0657	1.069667409	1.065818996	1.0657	1.06573528	1.0657	1.0657	1.063322391	1.060047532	1.0657	1.060415183	1.0657	1.061157103	1.065691563	1.0657	1.066893512	1.0657
30062007	1.0634	1.0634	1.0634	1.065322296	1.068054357	1.0634	1.070303271	1.0634	1.067239679	1.0635104	1.0634	1.064042251	1.0634	1.0634	1.061023546	1.057750268	1.0634	1.058028308	1.0634	1.058875291	1.0634	1.0634	1.064838319	1.0634
30052007	1.0699	1.0699	1.0699	1.07180457	1.074119424	1.0699	1.076616931	1.0699	1.073651684	1.070002653	1.0699	1.070781381	1.0699	1.0699	1.067645086	1.06569824	1.0699	1.064324708	1.0699	1.065347633	1.0699	1.0699	1.071567395	1.0699
30042007	1.1153	1.1153	1.1153	1.117431856	1.118571489	1.1153	1.121916225	1.1153	1.119103509	1.1153	1.1153	1.116373196	1.1153	1.1153	1.112695925	1.112950486	1.1153	1.109844925	1.1153	1.110554459	1.11530883	1.1153	1.117414403	1.1153
30032007	1.1529	1.1529	1.1529	1.154824596	1.153633249	1.1529	1.160132019	1.1529	1.156831736	1.152890778	1.1529	1.154891155	1.1529	1.1529	1.150599021	1.153224898	1.1529	1.147708808	1.1529	1.147985384	1.1529	1.1529	1.156143142	1.1529
30022007	1.17	1.17	1.17	1.171128415	1.169711411	1.17	1.177408201	1.17	1.173999444	1.17001872	1.17	1.172960256	1.17	1.17	1.16807415	1.171158829	1.17	1.164815362	1.17	1.16501249	1.169990737	1.17	1.172488717	1.17
30012007	1.1792	1.1792	1.1792	1.180799232	1.178891806	1.1792	1.186461037	1.1792	1.183211962	1.1792	1.1792	1.181664353	1.1792	1.1792	1.176740467	1.180204004	1.1792	1.174162267	1.1792	1.174182568	1.179190663	1.1792	1.182125653	1.1792
30122006	1.1653	1.1653	1.1653	1.166650123	1.164403425	1.1653	1.172140679	1.1653	1.16926467	1.165281356	1.1653	1.168023856	1.1653	1.1653	1.163458103	1.166293861	1.1653	1.16048168	1.1653	1.160350899	1.165309227	1.1653	1.1689002	1.1653
30112006	1.136	1.136	1.136	1.136882828	1.135569665	1.136	1.141907717	1.136	1.139883221	1.136009087	1.136	1.13779072	1.136	1.136	1.13478123	1.135676676	1.136	1.131539249	1.136	1.131166382	1.136	1.136	1.14051268	1.136
30102006	1.1227	1.1227	1.1227	1.123347936	1.123699976	1.1227	1.128548593	1.1227	1.126528745	1.1227	1.1227	1.123149251	1.1227	1.1227	1.120775854	1.119822457	1.1227	1.118674558	1.1227	1.117922972	1.1227	1.1227	1.127787535	1.1227
30092006	1.1153	1.1153	1.1153	1.117243315	1.118315512	1.1153	1.121006816	1.1153	1.119103509	1.115335696	1.1153	1.114385677	1.1153	1.1153	1.11186706	1.11053961	1.1153	1.11101954	1.1153	1.110554459	1.1153	1.1153	1.119595228	1.1153
30082006	1.1066	1.1066	1.1066	1.108744858	1.109009112	1.1066	1.111216334	1.1066	1.110338302	1.106573436	1.1066	1.10608064	1.1066	1.1066	1.102864603	1.101868666	1.1066	1.102211145	1.1066	1.101891477	1.106591238	1.1066	1.110983529	1.1066
30072006	1.1309	1.1309	1.1309	1.133245092	1.134265984	1.1309	1.135522372	1.1309	1.134747632	1.130773423	1.1309	1.131430761	1.1309	1.1309	1.126986292	1.125229287	1.1309	1.126419913	1.1309	1.126096998	1.130675883	1.1309	1.135093831	1.1309
30062006	1.115	1.115	1.115	1.11759957	1.118445713	1.115	1.119141306	1.115	1.118918771	1.11510697	1.115	1.114546687	1.115	1.115	1.111216682	1.110530852	1.115	1.110712078	1.115	1.110484598	1.11495574	1.115	1.118960769	1.115
30052006	1.0996	1.0996	1.0996	1.101813487	1.101727096	1.0996	1.103914693	1.0996	1.103358794	1.099784911	1.0996	1.098017972	1.0996	1.0996	1.096417048	1.097554212	1.0996	1.095222131	1.0996	1.095190437	1.099468935	1.0996	1.103846413	1.0996
30042006	1.1203	1.1203	1.1203	1.122348867	1.120595373	1.1203	1.124222198	1.1203	1.123940549	1.12046178	1.1203	1.119331953	1.1203	1.1203	1.117277749	1.119332136	1.1203	1.116031601	1.1203	1.11594044	1.120121662	1.1203	1.123640975	1.1203
30032006	1.1671	1.1671	1.1671	1.169246281	1.168012653	1.1671	1.170862511	1.1671	1.170723569	1.167174997	1.1671	1.166252093	1.1671	1.1671	1.163674053	1.164898381	1.1671	1.162647355	1.1671	1.162743415	1.167006969	1.1671	1.170242456	1.1671
30022006	1.138	1.138	1.138	1.140621787	1.139934032	1.138	1.142381665	1.138	1.141459871	1.138201401	1.138	1.135792022	1.138	1.138	1.134227546	1.135183733	1.138	1.133594023	1.138	1.133842421	1.137818324	1.138	1.140906301	1.138
30012006	1.1439	1.1439	1.1439	1.145934072	1.145240351	1.1439	1.148234434	1.1439	1.147174784	1.143982938	1.1439	1.142555346	1.1439	1.1439	1.140681498	1.141721279	1.1439	1.140147247	1.1439	1.139902845	1.143781107	1.1439	1.146565882	1.1439
30122005	1.1645	1.1645	1.1645	1.166410872	1.166331939	1.1645	1.16856793	1.1645	1.167749091	1.1645939	1.1645	1.162543204	1.1645	1.1645	1.161150814	1.161265441	1.1645	1.160843425	1.1645	1.160551486	1.164350829	1.1645	1.167139287	1.1645
30112005	1.1674	1.1674	1.1674	1.169927905	1.169841693	1.1674	1.171550188	1.1674	1.170562793	1.167654635	1.1674	1.165590608	1.1674	1.1674	1.163285205	1.162814762	1.1674	1.16354493	1.1674	1.163590707	1.167194009	1.1674	1.169268214	1.1674
30102005	1.1801	1.1801	1.1801	1.183357638	1.184108216	1.1801	1.183398002	1.1801	1.183039155	1.180310232	1.1801	1.178302387	1.1801	1.1801	1.175663276	1.174756351	1.1801	1.176352595	1.1801	1.176456856	1.179948277	1.1801	1.182033816	1.1801
30092005	1.1611	1.1611	1.1611	1.163553618	1.16446383	1.1611	1.164335768	1.1611	1.163784508	1.161147069	1.1611	1.159992366	1.1611	1.1611	1.157564533	1.156474913	1.1611	1.157440168	1.1611	1.15766435	1.160987887	1.1611	1.16409731	1.1611
30082005	1.1889	1.1889	1.1889	1.190861798	1.192358003	1.1889	1.193074008	1.1889	1.191600477	1.18907371	1.1889	1.187917836	1.1889	1.1889	1.185800773	1.1839607	1.1889	1.185283059	1.1889	1.185496559	1.188670016	1.1889	1.191856713	1.1889
30072005	1.2259	1.2259	1.2259	1.227602097	1.228823783	1.2259	1.23076887	1.2259	1.228505022	1.226009612	1.2259	1.223644233	1.2259	1.2259	1.223339431	1.221337478	1.2259	1.222288417	1.2259	1.222627148	1.225682134	1.2259	1.229852815	1.2259
30062005	1.2256	1.2256	1.2256	1.227220808	1.227694213	1.2256	1.231179462	1.2256	1.228094577	1.225619936	1.2256	1.223177931	1.2256	1.2256	1.222759706	1.221954457	1.2256	1.222404222	1.2256	1.222545219	1.225560345	1.2256	1.228320558	1.2256
30052005	1.251	1.251	1.251	1.253494408	1.253801327	1.251	1.256413814	1.251	1.253525885	1.250989825	1.251	1.249019902	1.251	1.251	1.247439024	1.247094872	1.251	1.246779638	1.251	1.247922287	1.250787253	1.251	1.254173835	1.251
30042005	1.2569	1.2569	1.2569	1.259327355	1.259570724	1.2569	1.262660264	1.2569	1.259448042	1.25680804	1.2569	1.252397597	1.2569	1.2569	1.253587985	1.25314123	1.2569	1.251932367	1.2569	1.254021033	1.256736846	1.2569	1.260885961	1.2569
30032005	1.2096	1.2096	1.2096	1.211706984	1.211208616	1.2096	1.215160988	1.2096	1.212140839	1.209688506	1.2096	1.205297838	1.2096	1.2096	1.206572678	1.207053058	1.2096	1.204476993	1.2096	1.20698605	1.209472244	1.2096	1.213042153	1.2096
30022005	1.2314	1.2314	1.2314	1.233382546	1.23188418	1.2314	1.236659698	1.2314	1.233896347	1.231420033	1.2314	1.227793039	1.2314	1.2314	1.228393622	1.230098796	1.2314	1.225824469	1.2314	1.228868732	1.231179533	1.2314	1.235355396	1.2314
30012005	1.215	1.215	1.215	1.217123174	1.215477342	1.215	1.219644366	1.215	1.217443295	1.214960473	1.215	1.211198706	1.215	1.215	1.211745465	1.214449603	1.215	1.209493844	1.215	1.212719566	1.214881145	1.215	1.219332821	1.215
30122004	1.2036	1.2036	1.2036	1.206032255	1.204726986	1.2036	1.208896287	1.2036	1.206059606	1.203521735	1.2036	1.200263799	1.2036	1.2036	1.200108024	1.201602006	1.2036	1.198548539	1.2036	1.201458494	1.203373954	1.2036	1.207366121	1.2036
30112004	1.185	1.185	1.185	1.187239014	1.187072154	1.185	1.189412708	1.185	1.187498814	1.184980745	1.185	1.181146267	1.185	1.185	1.181837442	1.181952978	1.185	1.180653686	1.185	1.183113786	1.184835178	1.185	1.190011004	1.185
30102004	1.2207	1.2207	1.2207	1.222511244	1.222821131	1.2207	1.224981963	1.2207	1.223293972	1.220868735	1.2207	1.2137675	1.2207	1.2207	1.218087137	1.217917418	1.2207	1.216669621	1.2207	1.218926502	1.22054995	1.2207	1.225320745	1.2207
30092004	1.2639	1.2639	1.2639	1.265855074	1.266622524	1.2639	1.268522651	1.2639	1.266410719	1.264178083	1.2639	1.259086391	1.2639	1.2639	1.261187203	1.260235034	1.2639	1.260643632	1.2639	1.262218892	1.263713267	1.2639	1.269246274	1.2639
30082004	1.3167	1.3167	1.3167	1.319191974	1.320423985	1.3167	1.322253938	1.3167	1.319025394	1.316764476	1.3167	1.311301486	1.3167	1.3167	1.313464632	1.311664603	1.3167	1.31278647	1.3167	1.315142967	1.316515956	1.3167	1.321910222	1.3167
30072004	1.3292	1.3292	1.3292	1.33188884	1.333325699	1.3292	1.33449242	1.3292	1.33148227	1.329243413	1.3292	1.325458732	1.3292	1.3292	1.325629728	1.322687847	1.3292	1.32442658	1.3292	1.327813783	1.328948144	1.3292	1.335298202	1.3292
30062004	1.3404	1.3404	1.3404	1.343113742	1.344563901	1.3404	1.345550315	1.3404	1.342657648	1.340421896	1.3404	1.337390915	1.3404	1.3404	1.337100315	1.334849411	1.3404	1.335030604	1.3404	1.339255863	1.340366827	1.3404	1.347247786	1.3404
30052004	1.3658	1.3658	1.3658	1.367654173	1.36857652	1.3658	1.370580939	1.3658	1.368078082	1.365889288	1.3658	1.363745887	1.3658	1.3658	1.363190196	1.362085479	1.3658	1.360773527	1.3658	1.364667956	1.3658	1.3658	1.371182496	1.3658
30042004	1.3707	1.3707	1.3707	1.371444153	1.37238288	1.3707	1.375708945	1.3707	1.372896502	1.370643989	1.3707	1.369969051	1.3707	1.3707	1.368734388	1.367899762	1.3707	1.365647976	1.3707	1.369563895	1.3707	1.3707	1.37451693	1.3707
30032004	1.3105	1.3105	1.3105	1.31129759	1.311741964	1.3105	1.315074539	1.3105	1.312653672	1.310350203	1.3105	1.310053977	1.3105	1.3105	1.30869908	1.308526477	1.3105	1.306020014	1.3105	1.309413791	1.310510812	1.3105	1.31340895	1.3105
30022004	1.3401	1.3401	1.3401	1.341472602	1.341373041	1.3401	1.345120866	1.3401	1.342455767	1.339957948	1.3401	1.338670307	1.3401	1.3401	1.337967421	1.338625332	1.3401	1.33580511	1.3401	1.33897821	1.340088944	1.3401	1.342717597	1.3401
30012004	1.3264	1.3264	1.3264	1.328580511	1.327661099	1.3264	1.330286571	1.3264	1.328872545	1.326043924	1.3264	1.326610273	1.3264	1.3264	1.324371668	1.325850879	1.3264	1.321592091	1.3264	1.325300613	1.32637811	1.3264	1.328942325	1.3264
30122003	1.2924	1.2924	1.2924	1.294078895	1.29362982	1.2924	1.296316307	1.2924	1.295156855	1.292274103	1.2924	1.29293693	1.2924	1.2924	1.290517359	1.291151904	1.2924	1.287070511	1.2924	1.291350105	1.292421329	1.2924	1.294117374	1.2924
30112003	1.2973	1.2973	1.2973	1.298998673	1.298185681	1.2973	1.302354209	1.2973	1.300193964	1.297363174	1.2973	1.297702797	1.2973	1.2973	1.295143154	1.29587125	1.2973	1.290867121	1.2973	1.296224732	1.297310703	1.2973	1.297993356	1.2973
30102003	1.3197	1.3197	1.3197	1.322052824	1.319513283	1.3197	1.325179826	1.3197	1.322579528	1.319753582	1.3197	1.322522136	1.3197	1.3197	1.31723086	1.318611585	1.3197	1.311904154	1.3197	1.318595287	1.3197	1.3197	1.319063129	1.3197
30092003	1.3504	1.3504	1.3504	1.352625501	1.350764126	1.3504	1.356277053	1.3504	1.353291569	1.350290376	1.3504	1.35218836	1.3504	1.3504	1.348054575	1.34872213	1.3504	1.341671228	1.3504	1.349269588	1.35042228	1.3504	1.349285227	1.3504
30082003	1.3851	1.3851	1.3851	1.38758951	1.386621605	1.3851	1.390900641	1.3851	1.388178561	1.384976442	1.3851	1.386934314	1.3851	1.3851	1.382686258	1.382216141	1.3851	1.376123081	1.3851	1.383917708	1.385077148	1.3851	1.383491776	1.3851
30072003	1.4073	1.4073	1.4073	1.410324501	1.410589669	1.4073	1.413550112	1.4073	1.410553732	1.406935591	1.4073	1.407944088	1.4073	1.4073	1.404845518	1.403580275	1.4073	1.398067477	1.4073	1.406121957	1.407543583	1.4073	1.406084737	1.4073
30062003	1.3553	1.3553	1.3553	1.358493416	1.357531699	1.3553	1.360548164	1.3553	1.358785352	1.355223368	1.3553	1.356495886	1.3553	1.3553	1.353027837	1.352660633	1.3553	1.346694127	1.3553	1.353931141	1.355344624	1.3553	1.354420288	1.3553
30052003	1.3708	1.3708	1.3708	1.374133197	1.373454503	1.3708	1.376150336	1.3708	1.374402924	1.370755733	1.3708	1.368585254	1.3708	1.3708	1.368312583	1.36775204	1.3708	1.3622228	1.3708	1.369370398	1.3708	1.3708	1.370326681	1.3708
30042003	1.4335	1.4335	1.4335	1.438571898	1.438819551	1.4335	1.438876125	1.4335	1.437314136	1.43361577	1.4335	1.430793994	1.4335	1.4335	1.429893438	1.429319725	1.4335	1.425239726	1.4335	1.432005009	1.433488202	1.4335	1.43404367	1.4335
30032003	1.4693	1.4693	1.4693	1.474837599	1.473749508	1.4693	1.474955951	1.4693	1.473090422	1.469632889	1.4693	1.464367793	1.4693	1.4693	1.465686241	1.466022094	1.4693	1.461202325	1.4693	1.467779753	1.469312092	1.4693	1.471425659	1.4693
30022003	1.4871	1.4871	1.4871	1.492534972	1.490812747	1.4871	1.492582217	1.4871	1.490598627	1.487160256	1.4871	1.480459231	1.4871	1.4871	1.483944515	1.485013416	1.4871	1.479307521	1.4871	1.48554911	1.487075521	1.4871	1.489535324	1.4871
30012003	1.529	1.529	1.529	1.533863129	1.531998007	1.529	1.536264045	1.529	1.532535107	1.529173636	1.529	1.523203518	1.529	1.529	1.526071065	1.527709157	1.529	1.521052533	1.529	1.527430555	1.529	1.529	1.531652686	1.529
30122002	1.5796	1.5796	1.5796	1.585176541	1.584443595	1.5796	1.588422836	1.5796	1.58307232	1.579523098	1.5796	1.573248091	1.5796	1.5796	1.576694769	1.577379889	1.5796	1.570554287	1.5796	1.577978616	1.579729962	1.5796	1.58113372	1.5796
30112002	1.5654	1.5654	1.5654	1.569473052	1.569981806	1.5654	1.57436533	1.5654	1.568917486	1.565298456	1.5654	1.558704587	1.5654	1.5654	1.562744438	1.563199847	1.5654	1.556249591	1.5654	1.563664541	1.565926797	1.5654	1.566919933	1.5654
30102002	1.5603	1.5603	1.5603	1.563258171	1.565551018	1.5603	1.57020363	1.5603	1.563907474	1.560274708	1.5603	1.557070185	1.5603	1.5603	1.558316109	1.556999132	1.5603	1.552504727	1.5603	1.558045873	1.5603	1.5603	1.562188454	1.5603
30092002	1.5858	1.5858	1.5858	1.589147807	1.592951904	1.5858	1.595582544	1.5858	1.589492195	1.585581723	1.5858	1.581517088	1.5858	1.5858	1.583440869	1.581537308	1.5858	1.575645883	1.5858	1.583509034	1.585787012	1.5858	1.586360514	1.5858
30082002	1.5589	1.5589	1.5589	1.561647788	1.566404846	1.5589	1.56809457	1.5589	1.562744668	1.559089336	1.5589	1.557258133	1.5589	1.5589	1.557019175	1.55447246	1.5589	1.549000571	1.5589	1.556660645	1.558887231	1.5589	1.559164332	1.5589
30072002	1.5843	1.5843	1.5843	1.585976382	1.591273948	1.5843	1.593132713	1.5843	1.588014439	1.584441285	1.5843	1.582562976	1.5843	1.5843	1.582839335	1.579569615	1.5843	1.574630141	1.5843	1.582037117	1.584325954	1.5843	1.584525801	1.5843
30062002	1.5187	1.5187	1.5187	1.519985865	1.524766557	1.5187	1.527797732	1.5187	1.522124897	1.518847913	1.5187	1.517034899	1.5187	1.5187	1.517190233	1.515248357	1.5187	1.509113554	1.5187	1.516505972	1.5187	1.5187	1.516660894	1.5187
30052002	1.5275	1.5275	1.5275	1.529670953	1.530978162	1.5275	1.537313292	1.5275	1.530795651	1.527760777	1.5275	1.52831318	1.5275	1.5275	1.525435105	1.524464479	1.5275	1.518768712	1.5275	1.525293258	1.5275	1.5275	1.52491298	1.5275
30042002	1.5678	1.5678	1.5678	1.570159467	1.568471896	1.5678	1.578358997	1.5678	1.570914412	1.567889336	1.5678	1.568808289	1.5678	1.5678	1.565893827	1.567131	1.5678	1.557330598	1.5678	1.565535038	1.567774317	1.5678	1.564017656	1.5678
30032002	1.5935	1.5935	1.5935	1.595444833	1.593050624	1.5935	1.605260206	1.5935	1.596574489	1.593850841	1.5935	1.59818033	1.5935	1.5935	1.592013137	1.593044519	1.5935	1.581590634	1.5935	1.591223977	1.593513053	1.5935	1.587955164	1.5935
30022002	1.6047	1.6047	1.6047	1.606439065	1.60264657	1.6047	1.615826894	1.6047	1.607442187	1.604831083	1.6047	1.612292227	1.6047	1.6047	1.603196211	1.605389749	1.6047	1.592524463	1.6047	1.602394854	1.604686856	1.6047	1.597645894	1.6047
30012002	1.5923	1.5923	1.5923	1.593222115	1.588678257	1.5923	1.603463454	1.5923	1.594890716	1.592260968	1.5923	1.600525355	1.5923	1.5923	1.590226201	1.594124993	1.5923	1.579263851	1.5923	1.59002569	1.592417344	1.5923	1.584413048	1.5923
30122001	1.5926	1.5926	1.5926	1.593511088	1.588950833	1.5926	1.602464162	1.5926	1.595230308	1.592327064	1.5926	1.600840188	1.5926	1.5926	1.590185597	1.593055745	1.5926	1.579442989	1.5926	1.590208072	1.592951503	1.5926	1.584472699	1.5926
30112001	1.5718	1.5718	1.5718	1.57429135	1.572689942	1.5718	1.580398616	1.5718	1.574665818	1.571377839	1.5718	1.579448688	1.5718	1.5718	1.569078171	1.570674631	1.5718	1.558937239	1.5718	1.569092997	1.572312288	1.5718	1.563319093	1.5718
30102001	1.5867	1.5867	1.5867	1.590127805	1.590797662	1.5867	1.594252261	1.5867	1.590020039	1.586056949	1.5867	1.589887089	1.5867	1.5867	1.583269106	1.583519748	1.5867	1.573145255	1.5867	1.58345125	1.587446339	1.5867	1.578794965	1.5867
30092001	1.579	1.579	1.579	1.582649148	1.583303125	1.579	1.586250531	1.579	1.582945457	1.57802066	1.579	1.582171623	1.579	1.579	1.575455198	1.576505332	1.579	1.567417005	1.579	1.575026168	1.579738549	1.579	1.572531061	1.579
30082001	1.5477	1.5477	1.5477	1.551052303	1.553043731	1.5477	1.554942582	1.5477	1.55253017	1.547426982	1.5477	1.550808753	1.5477	1.5477	1.544225465	1.544136894	1.5477	1.536339775	1.5477	1.543083191	1.547849241	1.5477	1.543491649	1.5477
30072001	1.5303	1.5303	1.5303	1.534490643	1.535565631	1.5303	1.53792888	1.5303	1.535346706	1.530042853	1.5303	1.529085181	1.5303	1.5303	1.526200384	1.52456913	1.5303	1.519585177	1.5303	1.525587987	1.530545567	1.5303	1.525567276	1.5303
30062001	1.5177	1.5177	1.5177	1.522536177	1.522926498	1.5177	1.524582538	1.5177	1.522961066	1.517506032	1.5177	1.516495184	1.5177	1.5177	1.51317944	1.51266891	1.5177	1.507537725	1.5177	1.512784028	1.517991641	1.5177	1.514128389	1.5177
30052001	1.5457	1.5457	1.5457	1.550212627	1.549726401	1.5457	1.552311529	1.5457	1.551256384	1.545687663	1.5457	1.543760443	1.5457	1.5457	1.541533787	1.541455012	1.5457	1.535591516	1.5457	1.54039733	1.546427381	1.5457	1.544456162	1.5457
30042001	1.5356	1.5356	1.5356	1.538744591	1.538269401	1.5356	1.542168327	1.5356	1.541132378	1.535367362	1.5356	1.533673116	1.5356	1.5356	1.532011916	1.532037067	1.5356	1.525675199	1.5356	1.529612169	1.536221354	1.5356	1.536683747	1.5356
30032001	1.5774	1.5774	1.5774	1.58110639	1.580392405	1.5774	1.58289399	1.5774	1.583322841	1.577148922	1.5774	1.575866915	1.5774	1.5774	1.573004754	1.572810419	1.5774	1.567786731	1.5774	1.570613654	1.577624504	1.5774	1.578953831	1.5774
30022001	1.5259	1.5259	1.5259	1.529620439	1.527244225	1.5259	1.531627758	1.5259	1.5318733	1.525488187	1.5259	1.521947699	1.5259	1.5259	1.521549931	1.52253965	1.5259	1.517298297	1.5259	1.519119011	1.526489395	1.5259	1.528904944	1.5259
30012001	1.5	1.5	1.5	1.503972012	1.503054702	1.5	1.505853896	1.5	1.506278429	1.499501743	1.5	1.494451005	1.5	1.5	1.495843171	1.497692342	1.5	1.492449383	1.5	1.492757515	1.500494479	1.5	1.50388696	1.5
30122000	1.5002	1.5002	1.5002	1.504187562	1.504594691	1.5002	1.506023443	1.5002	1.506979842	1.499987019	1.5002	1.493236969	1.5002	1.5002	1.495977128	1.496456314	1.5002	1.493049519	1.5002	1.492464554	1.500329185	1.5002	1.505998562	1.5002
30112000	1.5356	1.5356	1.5356	1.539107569	1.540566341	1.5356	1.541321544	1.5356	1.542758847	1.535745313	1.5356	1.530283304	1.5356	1.5356	1.531263615	1.531584336	1.5356	1.528045081	1.5356	1.527550481	1.5356	1.5356	1.542131344	1.5356
30102000	1.5271	1.5271	1.5271	1.530486855	1.53069989	1.5271	1.533363651	1.5271	1.534074052	1.527172314	1.5271	1.519921373	1.5271	1.5271	1.522779933	1.52355163	1.5271	1.519814749	1.5271	1.519095038	1.527111948	1.5271	1.534192707	1.5271
30092000	1.507	1.507	1.507	1.510132673	1.5112234	1.507	1.514468575	1.507	1.513810573	1.506928641	1.507	1.499992924	1.507	1.507	1.502871557	1.503208623	1.507	1.500137253	1.507	1.499088672	1.506976419	1.507	1.514055435	1.507
30082000	1.4722	1.4722	1.4722	1.475797262	1.478085665	1.4722	1.479129045	1.4722	1.478923331	1.472188385	1.4722	1.463763581	1.4722	1.4722	1.467941275	1.466601546	1.4722	1.465844689	1.4722	1.464494279	1.47224607	1.4722	1.479130387	1.4722
30072000	1.4872	1.4872	1.4872	1.490741287	1.492048154	1.4872	1.493619409	1.4872	1.494003621	1.487293901	1.4872	1.478245224	1.4872	1.4872	1.482742958	1.481400311	1.4872	1.480646412	1.4872	1.479369472	1.487188367	1.4872	1.494236992	1.4872
30062000	1.4793	1.4793	1.4793	1.482178078	1.482830662	1.4793	1.48695935	1.4793	1.485973657	1.479066653	1.4793	1.472664178	1.4793	1.4793	1.475586323	1.474969543	1.4793	1.47262467	1.4793	1.471522578	1.478998795	1.4793	1.486301149	1.4793
30052000	1.4978	1.4978	1.4978	1.500386228	1.499799712	1.4978	1.504850154	1.4978	1.504794485	1.498154635	1.4978	1.490255374	1.4978	1.4978	1.494106354	1.49339048	1.4978	1.490558373	1.4978	1.490228745	1.497506052	1.4978	1.505166548	1.4978
30042000	1.4811	1.4811	1.4811	1.48476148	1.484178246	1.4811	1.488288662	1.4811	1.487664264	1.481299152	1.4811	1.474431368	1.4811	1.4811	1.476629483	1.476446708	1.4811	1.474266298	1.4811	1.47390242	1.480901946	1.4811	1.487228078	1.4811
30032000	1.4535	1.4535	1.4535	1.456689224	1.455470213	1.4535	1.460912415	1.4535	1.459745659	1.453764929	1.4535	1.44528007	1.4535	1.4535	1.449737885	1.449778114	1.4535	1.447253728	1.4535	1.44662999	1.453362612	1.4535	1.460140996	1.4535
30022000	1.4488	1.4488	1.4488	1.451544057	1.450091541	1.4488	1.456416442	1.4488	1.454760304	1.448765527	1.4488	1.441717371	1.4488	1.4488	1.44561	1.445928604	1.4488	1.441870359	1.4488	1.442088515	1.448479879	1.4488	1.455333726	1.4488
30012000	1.4512	1.4512	1.4512	1.454282425	1.45338145	1.4512	1.457151608	1.4512	1.457204851	1.451372764	1.4512	1.44435529	1.4512	1.4512	1.447997101	1.448162182	1.4512	1.444242265	1.4512	1.444796634	1.451027863	1.4512	1.457115335	1.4512
30121999	1.4433	1.4433	1.4433	1.445918386	1.445471615	1.4433	1.448899289	1.4433	1.449099648	1.443426158	1.4433	1.436280746	1.4433	1.4433	1.440181465	1.440278719	1.4433	1.436274135	1.4433	1.437101957	1.443436994	1.4433	1.448384924	1.4433
30111999	1.4728	1.4728	1.4728	1.475586874	1.475920013	1.4728	1.477977436	1.4728	1.478588946	1.472764879	1.4728	1.465390497	1.4728	1.4728	1.469695368	1.469872268	1.4728	1.465209338	1.4728	1.466336093	1.472543624	1.4728	1.47676181	1.4728
30101999	1.471	1.471	1.471	1.474127445	1.475215996	1.471	1.476158752	1.471	1.476817088	1.471187216	1.471	1.465075508	1.471	1.471	1.467825125	1.46674152	1.471	1.462833106	1.471	1.464798976	1.471023303	1.471	1.473925449	1.471
30091999	1.47	1.47	1.47	1.472556573	1.47445931	1.47	1.474274408	1.47	1.475625329	1.469836302	1.47	1.461861771	1.47	1.47	1.467257507	1.466154493	1.47	1.461080452	1.47	1.463780003	1.469825252	1.47	1.472995339	1.47
30081999	1.4958	1.4958	1.4958	1.498073099	1.500134214	1.4958	1.500620491	1.4958	1.501691287	1.496026145	1.4958	1.491819229	1.4958	1.4958	1.493153791	1.492177647	1.4958	1.48649587	1.4958	1.48964792	1.495705059	1.4958	1.500189231	1.4958
30071999	1.5063	1.5063	1.5063	1.508245754	1.510435224	1.5063	1.510948212	1.5063	1.512004047	1.506323994	1.5063	1.503254388	1.5063	1.5063	1.503861587	1.502804163	1.5063	1.496975761	1.5063	1.500199955	1.506024738	1.5063	1.509656184	1.5063
30061999	1.472	1.472	1.472	1.473903257	1.475126248	1.472	1.476269979	1.472	1.477550624	1.472234743	1.472	1.469712409	1.472	1.472	1.469468194	1.468720271	1.472	1.462646003	1.472	1.466306813	1.471976579	1.472	1.474091545	1.472
30051999	1.477	1.477	1.477	1.479030315	1.479475076	1.477	1.47895455	1.477	1.482333088	1.476788026	1.477	1.475891771	1.477	1.477	1.474233262	1.473730704	1.477	1.467495463	1.477	1.471310885	1.477	1.477	1.479443938	1.477
30041999	1.4576	1.4576	1.4576	1.458827463	1.45961676	1.4576	1.459528877	1.4576	1.463073014	1.457425948	1.4576	1.455282555	1.4576	1.4576	1.455525406	1.455534264	1.4576	1.448257231	1.4576	1.45198561	1.457681154	1.4576	1.459517177	1.4576
30031999	1.5092	1.5092	1.5092	1.510128298	1.509910744	1.5092	1.510796739	1.5092	1.515047675	1.509091993	1.5092	1.503740699	1.5092	1.5092	1.507197559	1.507517095	1.5092	1.499055537	1.5092	1.503303158	1.509139989	1.5092	1.51154133	1.5092
30021999	1.5074	1.5074	1.5074	1.50820971	1.507636818	1.5074	1.509210863	1.5074	1.513349004	1.507615872	1.5074	1.504453952	1.5074	1.5074	1.505316428	1.505717091	1.5074	1.496971623	1.5074	1.501569898	1.50724403	1.5074	1.509539322	1.5074
