30122014	0.9891	0.9891	NaN	0.989058533	0.988487456	NaN	NaN	NaN	NaN	NaN	NaN	NaN	NaN	NaN	0.988028122	0.990313997	NaN	NaN	NaN	0.989001154	0.989075299	NaN	0.992372341	0.9891
30112014	0.966	0.966	0.966	0.965983803	0.96591903	NaN	NaN	NaN	0.965903347	0.965983882	NaN	NaN	NaN	0.966	0.964659234	0.965704089	NaN	0.96164094	0.966	0.965927585	0.966	0.966	0.969195917	0.966
30102014	0.9589	0.9589	0.9589	0.958883922	0.958819625	NaN	0.961559608	0.9589	0.958820055	0.958876007	NaN	NaN	NaN	0.9589	0.957572772	0.957725592	0.9589	0.954048746	0.9589	0.958828118	0.9589	0.9589	0.962282864	0.9589
30092014	0.9581	0.9581	0.9581	0.958164378	0.958486643	0.9581	0.960680345	0.9581	0.958044093	0.958131966	NaN	NaN	NaN	0.9581	0.956772655	0.956039859	0.9581	0.953060329	0.9581	0.958028178	0.9581	0.9581	0.961364846	0.9581
30082014	0.9145	0.9145	0.9145	0.91452303	0.915069212	0.9145	0.91706441	0.9145	0.914416129	0.914492371	NaN	NaN	NaN	0.9145	0.912951736	0.911689535	0.9145	0.909567174	0.9145	0.914431446	0.9145	0.9145	0.918232423	0.9145
30072014	0.9092	0.9092	0.9092	0.909238023	0.909916609	0.9092	0.912207079	0.9092	0.909124199	0.909207585	NaN	NaN	NaN	0.9092	0.907660709	0.905841787	0.9092	0.90432724	0.9092	0.909131843	0.90920757	0.9092	0.912375584	0.9092
30062014	0.8903	0.8903	0.8903	0.890463859	0.890777005	0.8903	0.895761014	0.8903	0.890218348	0.890344579	NaN	0.891145097	0.8903	0.8903	0.888720603	0.887282398	0.8903	0.885605041	0.8903	0.890225848	0.890292588	0.8903	0.89335008	0.8903
30052014	0.8956	0.8956	0.8956	0.895630028	0.89564504	0.8956	0.901407176	0.8956	0.895473024	0.895510346	0.8956	0.896450128	0.8956	0.8956	0.894145215	0.893389285	0.8956	0.891107151	0.8956	0.895532863	0.8956	0.8956	0.89814742	0.8956
30042014	0.8821	0.8821	0.8821	0.8821	0.881937361	0.8821	0.88851646	0.8821	0.882063237	0.882136783	0.8821	0.882937313	0.8821	0.8821	0.880938824	0.880738515	0.8821	0.877805063	0.8821	0.882033875	0.882092655	0.8821	0.88486367	0.8821
30032014	0.884	0.884	0.884	0.884	0.883837011	0.884	0.890211913	0.884	0.8839263	0.884007374	0.884	0.884839117	0.884	0.884	0.88317498	0.883451952	0.884	0.879514367	0.884	0.883941092	0.883992639	0.884	0.886066411	0.884
30022014	0.8818	0.8818	0.8818	0.881696185	0.88156275	0.8818	0.887893792	0.8818	0.881719128	0.881807357	0.8818	0.881522224	0.8818	0.8818	0.880627231	0.881525851	0.8818	0.877910563	0.8818	0.881748581	0.8818	0.8818	0.883874409	0.8818
30012014	0.9023	0.9023	0.9023	0.902353084	0.9016648	0.9023	0.907806257	0.9023	0.90220972	0.902315058	0.9023	0.902015766	0.9023	0.9023	0.901166792	0.902581134	0.9023	0.897873241	0.9023	0.902247386	0.902315026	0.9023	0.90503123	0.9023
30122013	0.8915	0.8915	0.8915	0.891559812	0.891350622	0.8915	0.897584312	0.8915	0.891395925	0.891447943	0.8915	0.891219168	0.8915	0.8915	0.890591472	0.891360953	0.8915	0.887126226	0.8915	0.89143317	0.891492577	0.8915	0.893866085	0.8915
30112013	0.9048	0.9048	0.9048	0.904610639	0.90481517	0.9048	0.911363889	0.9048	0.904747203	0.904860388	0.9048	0.904514978	0.9048	0.9048	0.904092954	0.904094612	0.9048	0.899853404	0.9048	0.904739706	0.904807534	0.9048	0.907232374	0.9048
30102013	0.8974	0.8974	0.8974	0.897212188	0.897415046	0.8974	0.904358119	0.8974	0.897287748	0.897325145	0.8974	0.898243034	0.8974	0.8974	0.89648974	0.896422513	0.8974	0.892778413	0.8974	0.897332728	0.897392528	0.8974	0.899742372	0.8974
30092013	0.9052	0.9052	0.9052	0.905163614	0.905243682	0.9052	0.912725067	0.9052	0.905162275	0.905267957	0.9052	0.906057287	0.9052	0.9052	0.90405873	0.904063047	0.9052	0.900251689	0.9052	0.905139679	0.9052	0.9052	0.907184476	0.9052
30082013	0.9302	0.9302	0.9302	0.9302	0.930829334	0.9302	0.938187183	0.9302	0.930091407	0.930130171	0.9302	0.931312268	0.9302	0.9302	0.928695992	0.927983183	0.9302	0.92500028	0.9302	0.930138014	0.930207745	0.9302	0.931255263	0.9302
30072013	0.9299	0.9299	0.9299	0.929803275	0.930661609	0.9299	0.938421315	0.9299	0.929861245	0.929861245	0.9299	0.931011909	0.9299	0.9299	0.928528286	0.927290061	0.9299	0.924797969	0.9299	0.929830291	0.9299	0.9299	0.931485176	0.9299
30062013	0.9412	0.9412	0.9412	0.940801276	0.941471853	0.9412	0.94847967	0.9412	0.9412	0.941223534	0.9412	0.942325421	0.9412	0.9412	0.940141564	0.939350084	0.9412	0.93597267	0.9412	0.941129444	0.941215671	0.9412	0.94250114	0.9412
30052013	0.9534	0.9534	0.9534	0.952996108	0.953675377	0.9534	0.961149626	0.9534	0.953376162	0.953415896	0.9534	0.954540009	0.9534	0.9534	0.952528419	0.952463784	0.9534	0.947972886	0.9534	0.953312657	0.953431739	0.9534	0.954874632	0.9534
30042013	0.9393	0.9393	0.9393	0.93880429	0.93889364	0.9393	0.94674495	0.9393	0.939260854	0.9393	0.9393	0.940423149	0.9393	0.9393	0.938441309	0.938377629	0.9393	0.934163681	0.9393	0.939182683	0.939292184	0.9393	0.94197818	0.9393
30032013	0.9521	0.9521	0.9521	0.951893513	0.95197752	0.9521	0.959573571	0.9521	0.95206032	0.9521	0.9521	0.953238454	0.9521	0.9521	0.950551438	0.950895059	0.9521	0.9468629	0.9521	0.951989006	0.952107923	0.9521	0.953959655	0.9521
30022013	0.9308	0.9308	0.9308	0.930590039	0.930170685	0.9308	0.9376743	0.9308	0.930761208	0.9308	0.9308	0.931912985	0.9308	0.9308	0.929607408	0.930008838	0.9308	0.925202729	0.9308	0.930683744	0.930792255	0.9308	0.932394476	0.9308
30012013	0.9116	0.9116	0.9116	0.911270708	0.910664513	0.9116	0.918762786	0.9116	0.911562008	0.911775029	0.9116	0.912690027	0.9116	0.9116	0.910297869	0.911470759	0.9116	0.905813352	0.9116	0.911493727	0.911615171	0.9116	0.913246497	0.9116
30122012	0.9166	0.9166	0.9166	0.916313566	0.915559113	0.9166	0.923437653	0.9166	0.916385852	0.916424045	0.9166	0.917696006	0.9166	0.9166	0.915228248	0.91634067	0.9166	0.911252561	0.9166	0.916477892	0.9166	0.9166	0.918495543	0.9166
30112012	0.925	0.925	0.925	0.924829943	0.924423855	0.925	0.931407243	0.925	0.924961449	0.92502314	0.925	0.92610605	0.925	0.925	0.923356429	0.924217095	0.925	0.919580539	0.925	0.924876773	0.925	0.925	0.926384422	0.925
30102012	0.9286	0.9286	0.9286	0.928280764	0.927946829	0.9286	0.935199721	0.9286	0.928538071	0.928538071	0.9286	0.929710355	0.9286	0.9286	0.927084516	0.927289336	0.9286	0.923492888	0.9286	0.928476294	0.928584547	0.9286	0.930686606	0.9286
30092012	0.9355	0.9355	0.9355	0.935147466	0.935214578	0.9355	0.941862953	0.9355	0.9355	0.93553899	0.9355	0.936617662	0.9355	0.9355	0.934168295	0.93364093	0.9355	0.930718172	0.9355	0.935390941	0.935492215	0.9355	0.937685525	0.9355
30082012	0.954	0.954	0.954	0.953640494	0.953708934	0.954	0.96142857	0.954	0.953960241	0.953960241	0.954	0.955139764	0.954	0.954	0.952908762	0.952366424	0.954	0.947813349	0.954	0.953896723	0.954023816	0.954	0.957406386	0.954
30072012	0.9781	0.9781	0.9781	0.977236781	0.978397535	0.9781	0.983952844	0.9781	0.9781	0.97809185	0.9781	0.979268557	0.9781	0.9781	0.976772123	0.975446048	0.9781	0.970853622	0.9781	0.9779697	0.9781	0.9781	0.981784614	0.9781
30062012	0.9554	0.9554	0.9554	0.954589276	0.955888477	0.9554	0.960233349	0.9554	0.955407961	0.9554	0.9554	0.956541437	0.9554	0.9554	0.954036473	0.952812077	0.9554	0.948196669	0.9554	0.955272724	0.9554	0.9554	0.959084816	0.9554
30052012	0.969	0.969	0.969	0.968177735	0.969495431	0.969	0.973931242	0.969	0.969008075	0.968830635	0.969	0.970157685	0.969	0.969	0.967199454	0.966377481	0.969	0.961513559	0.969	0.968870912	0.968983874	0.969	0.973067155	0.969
30042012	0.9092	0.9092	0.9092	0.908471102	0.90921451	0.9092	0.914086991	0.9092	0.909366519	0.90916221	0.9092	0.909843959	0.9092	0.9092	0.907176463	0.90751568	0.9092	0.902360834	0.9092	0.909094007	0.909192434	0.9092	0.911951283	0.9092
30032012	0.9031	0.9031	0.9031	0.902436598	0.902694892	0.9031	0.907805019	0.9031	0.903302946	0.902942562	0.9031	0.903739638	0.9031	0.9031	0.900941908	0.902323806	0.9031	0.896004714	0.9031	0.903002233	0.903077449	0.9031	0.906230512	0.9031
30022012	0.8967	0.8967	0.8967	0.8960413	0.896297763	0.8967	0.902580231	0.8967	0.897057893	0.896781853	0.8967	0.897335105	0.8967	0.8967	0.89454785	0.896184358	0.8967	0.889457539	0.8967	0.896625315	0.896685069	0.8967	0.89911882	0.8967
30012012	0.9136	0.9136	0.9136	0.9130532	0.911710782	0.9136	0.919241086	0.9136	0.913881217	0.913251941	0.9136	0.914247075	0.9136	0.9136	0.911330019	0.9136	0.9136	0.906653572	0.9136	0.91353912	0.913592392	0.9136	0.915843263	0.9136
30122011	0.9409	0.9409	0.9409	0.940336861	0.938954329	0.9409	0.946374574	0.9409	0.941548327	0.941024528	0.9409	0.941566411	0.9409	0.9409	0.938287485	0.940764531	0.9409	0.933578951	0.9409	0.940845135	0.940907835	0.9409	0.943793919	0.9409
30112011	0.9217	0.9217	0.9217	0.921295659	0.919666201	0.9217	0.927670494	0.9217	0.922213042	0.921829824	0.9217	0.919742579	0.9217	0.9217	0.919074683	0.92076986	0.9217	0.914466892	0.9217	0.92163858	0.921692325	0.9217	0.924698802	0.9217
30102011	0.8705	0.8705	0.8705	0.870409688	0.868815241	0.8705	0.876210041	0.8705	0.87086188	0.870543322	0.8705	0.868651313	0.8705	0.8705	0.867768948	0.868237937	0.8705	0.863553519	0.8705	0.87044924	0.870507249	0.8705	0.872815653	0.8705
30092011	0.9014	0.9014	0.9014	0.901767818	0.899940927	0.9014	0.906906083	0.9014	0.901729849	0.901910429	0.9014	0.899602278	0.9014	0.9014	0.898627354	0.8978952	0.9014	0.894070658	0.9014	0.901339933	0.90141501	0.9014	0.903880174	0.9014
30082011	0.8095	0.8095	0.8095	0.809629676	0.808673898	0.8095	0.813402485	0.8095	0.809337922	0.809176264	0.8095	0.806285271	0.8095	0.8095	0.807069787	0.80608247	0.8095	0.8042083	0.8095	0.809432578	0.80947978	0.8095	0.811936733	0.8095
30072011	0.8011	0.8011	0.8011	0.801475118	0.80179938	0.8011	0.804486337	0.8011	0.801260044	0.801073366	0.8011	0.79791863	0.8011	0.8011	0.798752558	0.797124031	0.8011	0.797197383	0.8011	0.801053287	0.801113341	0.8011	0.803328578	0.8011
30062011	0.8344	0.8344	0.8344	0.834790711	0.835128452	0.8344	0.838211674	0.8344	0.834594444	0.834413869	0.8344	0.831086387	0.8344	0.8344	0.831957127	0.829892308	0.8344	0.83099984	0.8344	0.83433745	0.8344	0.8344	0.836723639	0.8344
30052011	0.8528	0.8528	0.8528	0.853056305	0.853936207	0.8528	0.857577096	0.8528	0.852984554	0.852828359	0.8528	0.848705775	0.8528	0.8528	0.850546708	0.848805364	0.8528	0.849416866	0.8528	0.852736071	0.8528071	0.8528	0.856234255	0.8528
30042011	0.8664	0.8664	0.8664	0.867122823	0.868513056	0.8664	0.871379033	0.8664	0.86655868	0.866356789	0.8664	0.862437246	0.8664	0.8664	0.864483498	0.863215283	0.8664	0.863129137	0.8664	0.866327839	0.866428846	0.8664	0.870571455	0.8664
30032011	0.9148	0.9148	0.9148	0.915186628	0.916027926	0.9148	0.920443167	0.9148	0.91501318	0.914838021	0.9148	0.910615874	0.9148	0.9148	0.913237868	0.912770239	0.9148	0.911717323	0.9148	0.914693354	0.914815224	0.9148	0.919149307	0.9148
30022011	0.9283	0.9283	0.9283	0.928692334	0.929546047	0.9283	0.933325445	0.9283	0.928477737	0.92827685	0.9283	0.924054127	0.9283	0.9283	0.927056437	0.926646734	0.9283	0.925013832	0.9283	0.928176334	0.928307723	0.9283	0.932198731	0.9283
30012011	0.9431	0.9431	0.9431	0.943513752	0.943160024	0.9431	0.948123813	0.9431	0.943304095	0.943147048	0.9431	0.938786435	0.9431	0.9431	0.941971871	0.942257568	0.9431	0.940496191	0.9431	0.942966517	0.943107845	0.9431	0.947658877	0.9431
30122010	0.9396	0.9396	0.9396	0.939787151	0.938913931	0.9396	0.944438658	0.9396	0.939756457	0.939537512	0.9396	0.935302443	0.9396	0.9396	0.938756923	0.939180067	0.9396	0.937065414	0.9396	0.939459197	0.939607816	0.9396	0.943767715	0.9396
30112010	0.9978	0.9978	0.9978	0.997998744	0.997071435	0.9978	1.002709187	0.9978	0.998032522	0.997783418	0.9978	0.992423989	0.9978	0.9978	0.996829693	0.997205186	0.9978	0.995153545	0.9978	0.997642177	0.9978	0.9978	1.002163913	0.9978
30102010	0.9892	0.9892	0.9892	0.989430388	0.988440536	0.9892	0.99462677	0.9892	0.989446961	0.9892	0.9892	0.983870324	0.9892	0.9892	0.988237192	0.988461955	0.9892	0.986803929	0.9892	0.989043538	0.9892	0.9892	0.993535404	0.9892
30092010	0.973	0.973	0.973	0.973226615	0.972252974	0.973	0.978160133	0.973	0.973242916	0.973097072	0.973	0.967757608	0.973	0.973	0.972052108	0.97183612	0.973	0.97076266	0.973	0.9728461	0.973	0.973	0.977964512	0.973
30082010	1.0212	1.0212	1.0212	1.021454196	1.02069331	1.0212	1.026573614	1.0212	1.021353054	1.021284993	1.0212	1.016736822	1.0212	1.0212	1.020157383	1.0201759	1.0212	1.019548799	1.0212	1.021038476	1.021191506	1.0212	1.02756037	1.0212
30072010	1.0394	1.0394	1.0394	1.03982291	1.040245993	1.0394	1.045818833	1.0394	1.039469268	1.039417311	1.0394	1.034857278	1.0394	1.0394	1.038495447	1.037795123	1.0394	1.03781669	1.0394	1.039244242	1.0394	1.0394	1.04625678	1.0394
30062010	1.0812	1.0812	1.0812	1.081639918	1.082080015	1.0812	1.087417872	1.0812	1.081254045	1.081110003	1.0812	1.07647459	1.0812	1.0812	1.079401311	1.07966223	1.0812	1.079660816	1.0812	1.081037978	1.081217986	1.0812	1.088149381	1.0812
30052010	1.1492	1.1492	1.1492	1.15026244	1.150497906	1.1492	1.154213345	1.1492	1.149353114	1.149257387	1.1492	1.150435288	1.1492	1.1492	1.147085471	1.147581472	1.1492	1.147636646	1.1492	1.149008674	1.1492	1.1492	1.15403941	1.1492
30042010	1.0775	1.0775	1.0775	1.078747849	1.078830242	1.0775	1.082628041	1.0775	1.077589751	1.077446196	1.0775	1.078658217	1.0775	1.0775	1.075448182	1.076125868	1.0775	1.076206678	1.0775	1.077320611	1.077464148	1.0775	1.080983355	1.0775
30032010	1.0602	1.0602	1.0602	1.061427813	1.061508884	1.0602	1.065431589	1.0602	1.060341256	1.060226467	1.0602	1.061339621	1.0602	1.0602	1.05832702	1.05946633	1.0602	1.058337024	1.0602	1.060058762	1.060173534	1.0602	1.061657613	1.0602
30022010	1.0773	1.0773	1.0773	1.078219125	1.078303542	1.0773	1.082224568	1.0773	1.077416638	1.0773	1.0773	1.083828776	1.0773	1.0773	1.074974822	1.076180572	1.0773	1.075581406	1.0773	1.077183375	1.077282067	1.0773	1.078132951	1.0773
30012010	1.0498	1.0498	1.0498	1.050043797	1.0498	1.0498	1.055356029	1.0498	1.049913661	1.049817476	1.0498	1.055548996	1.0498	1.0498	1.047453348	1.049594205	1.0498	1.046853644	1.0498	1.049703826	1.049808738	1.0498	1.048024004	1.0498
30122009	1.0305	1.0305	1.0305	1.030524662	1.031241599	1.0305	1.036793352	1.0305	1.030594415	1.0305	1.0305	1.043499536	1.0305	1.0305	1.028936509	1.028537033	1.0305	1.026208569	1.0305	1.030397017	1.0305	1.0305	1.026035467	1.0305
30112009	1.0026	1.0026	1.0026	1.002623994	1.003321521	1.0026	1.008823049	1.0026	1.002691859	1.0026	1.0026	1.015247584	1.0026	1.0026	1.002758373	1.000322675	1.0026	0.998188415	1.0026	1.002499805	1.0026	1.0026	0.996465413	1.0026
30102009	1.0229	1.0229	1.0229	1.022192031	1.023571835	1.0229	1.029312426	1.0229	1.022993719	1.0229	1.0229	1.035803664	1.0229	1.0229	1.024003368	1.020309212	1.0229	1.017387618	1.0229	1.022797776	1.022925538	1.0229	1.017561854	1.0229
30092009	1.029	1.029	1.029	1.028201404	1.030113002	1.029	1.035396495	1.029	1.029094277	1.029	1.029	1.041980614	1.029	1.029	1.030279175	1.026077546	1.029	1.022587448	1.029	1.028871479	1.029008562	1.029	1.019306446	1.029
30082009	1.0625	1.0625	1.0625	1.061777036	1.063082052	1.0625	1.069104913	1.0625	1.062597347	1.062508845	1.0625	1.069752715	1.0625	1.0625	1.064376632	1.059018912	1.0625	1.055650165	1.0625	1.062358456	1.0625	1.0625	1.050192778	1.0625
30072009	1.084	1.084	1.084	1.083137719	1.084503536	1.084	1.08902687	1.084	1.084090292	1.083990976	1.084	1.091399476	1.084	1.084	1.085299977	1.079370807	1.084	1.076267799	1.084	1.083855592	1.084045084	1.084	1.070852889	1.084
30062009	1.0803	1.0803	1.0803	1.079440662	1.080801818	1.0803	1.084011642	1.0803	1.080398978	1.0803	1.0803	1.087674219	1.0803	1.0803	1.08146046	1.079079895	1.0803	1.07253454	1.0803	1.080111162	1.080273045	1.0803	1.067416923	1.0803
30052009	1.0733	1.0733	1.0733	1.07243617	1.072579491	1.0733	1.076642039	1.0733	1.073398336	1.0733	1.0733	1.079732283	1.0733	1.0733	1.073961256	1.076083344	1.0733	1.066048132	1.0733	1.073139162	1.073273212	1.0733	1.061374096	1.0733
30042009	1.1355	1.1355	1.1355	1.135096553	1.13251322	1.1355	1.138679366	1.1355	1.135604035	1.1355	1.1355	1.142305048	1.1355	1.1355	1.135864235	1.140840479	1.1355	1.126988418	1.1355	1.135358178	1.135528341	1.1355	1.122631175	1.1355
30032009	1.1384	1.1384	1.1384	1.137995523	1.135405591	1.1384	1.142198396	1.1384	1.138504301	1.138324223	1.1384	1.145222428	1.1384	1.1384	1.138181484	1.144482539	1.1384	1.129591751	1.1384	1.138229406	1.138437872	1.1384	1.126519591	1.1384
30022009	1.1752	1.1752	1.1752	1.175336755	1.171969895	1.1752	1.177942351	1.1752	1.175385911	1.175209775	1.1752	1.176489322	1.1752	1.1752	1.1752	1.183210061	1.1752	1.165502169	1.1752	1.174984803	1.175131575	1.1752	1.164887123	1.1752
30012009	1.1618	1.1618	1.1618	1.162481253	1.159423921	1.1618	1.164125401	1.1618	1.161974126	1.161780674	1.1618	1.16310672	1.1618	1.1618	1.161720677	1.16959729	1.1618	1.152666991	1.1618	1.161654893	1.161809667	1.1618	1.153949817	1.1618
30122008	1.0637	1.0637	1.0637	1.06497904	1.062694564	1.0637	1.065147661	1.0637	1.063877121	1.063390958	1.0637	1.064896383	1.0637	1.0637	1.062761634	1.06712036	1.0637	1.057205577	1.0637	1.063558296	1.063903336	1.0637	1.058695242	1.0637
30112008	1.2098	1.2098	1.2098	1.212390819	1.211592321	1.2098	1.211934502	1.2098	1.210353099	1.208406772	1.2098	1.203824428	1.2098	1.2098	1.206133167	1.208191857	1.2098	1.202655023	1.2098	1.209407643	1.210380928	1.2098	1.205627782	1.2098
30102008	1.1533	1.1533	1.1533	1.155769823	1.155008617	1.1533	1.15431806	1.1533	1.155157568	1.152783024	1.1533	1.147603498	1.1533	1.1533	1.14866179	1.148563422	1.1533	1.147514237	1.1533	1.152372615	1.154096522	1.1533	1.148922707	1.1533
30092008	1.1017	1.1017	1.1017	1.104349383	1.103817748	1.1017	1.103964486	1.1017	1.103969322	1.101753759	1.1017	1.096258367	1.1017	1.1017	1.096894931	1.095403552	1.1017	1.096873867	1.1017	1.100054359	1.101871188	1.1017	1.100321935	1.1017
30082008	1.0976	1.0976	1.0976	1.100373367	1.1008813	1.0976	1.098995768	1.0976	1.09980721	1.097582144	1.0976	1.09375454	1.0976	1.0976	1.09268162	1.090169499	1.0976	1.09203579	1.0976	1.095790213	1.097608967	1.0976	1.097439001	1.0976
30072008	1.0477	1.0477	1.0477	1.050347282	1.050832123	1.0477	1.049014917	1.0477	1.049823943	1.047538259	1.0477	1.044029366	1.0477	1.0477	1.043414647	1.04057325	1.0477	1.042537764	1.0477	1.045963946	1.047691441	1.0477	1.047984074	1.0477
30062008	1.0177	1.0177	1.0177	1.020132658	1.020981944	1.0177	1.019858844	1.0177	1.019920577	1.01774132	1.0177	1.008595618	1.0177	1.0177	1.014266229	1.012649016	1.0177	1.012506547	1.0177	1.016021957	1.017683369	1.0177	1.017644522	1.0177
30052008	1.0488	1.0488	1.0488	1.051261829	1.052318441	1.0488	1.051466046	1.0488	1.051045762	1.048757419	1.0488	1.039417396	1.0488	1.0488	1.045377705	1.04383947	1.0488	1.043293906	1.0488	1.047087788	1.049056763	1.0488	1.048979498	1.0488
30042008	1.0386	1.0386	1.0386	1.040845958	1.041599066	1.0386	1.040646702	1.0386	1.04086618	1.038498885	1.0386	1.029308646	1.0386	1.0386	1.035261066	1.034511671	1.0386	1.032748916	1.0386	1.036650652	1.038878836	1.0386	1.039939625	1.0386
30032008	0.9939	0.9939	0.9939	0.996049295	0.99676999	0.9939	0.995082886	0.9939	0.99616563	0.994012913	0.9939	0.985008534	0.9939	0.9939	0.990675654	0.990912382	0.9939	0.988406252	0.9939	0.991768286	0.994198165	0.9939	0.99577811	0.9939
30022008	1.0463	1.0463	1.0463	1.048337037	1.048901745	1.0463	1.047361728	1.0463	1.048565955	1.046376498	1.0463	1.036939761	1.0463	1.0463	1.042601891	1.044011723	1.0463	1.041374325	1.0463	1.043742781	1.047109366	1.0463	1.048277127	1.0463
30012008	1.0796	1.0796	1.0796	1.08138221	1.081280428	1.0796	1.081192724	1.0796	1.081858974	1.079529839	1.0796	1.069941858	1.0796	1.0796	1.075994846	1.078120074	1.0796	1.074495757	1.0796	1.076128954	1.079859326	1.0796	1.080985398	1.0796
30122007	1.1255	1.1255	1.1255	1.127357982	1.127251872	1.1255	1.127402799	1.1255	1.127928318	1.125454314	1.1255	1.132316723	1.1255	1.1255	1.121505349	1.12349388	1.1255	1.119858571	1.1255	1.121611962	1.125724695	1.1255	1.127475822	1.1255
30112007	1.1206	1.1206	1.1206	1.121778363	1.121704276	1.1206	1.121329234	1.1206	1.123063333	1.120609096	1.1206	1.111897549	1.1206	1.1206	1.117393616	1.118589381	1.1206	1.11488799	1.1206	1.11650599	1.120841015	1.1206	1.12225361	1.1206
30102007	1.1598	1.1598	1.1598	1.161019584	1.160942905	1.1598	1.160662871	1.1598	1.162340069	1.159781173	1.1598	1.150793127	1.1598	1.1598	1.157132789	1.15690888	1.1598	1.153532741	1.1598	1.155314295	1.159965935	1.1598	1.161424803	1.1598
30092007	1.17	1.17	1.17	1.170729531	1.171682333	1.17	1.170326857	1.17	1.172581443	1.169943045	1.17	1.160913915	1.17	1.17	1.168125661	1.165925756	1.17	1.163712395	1.17	1.165308122	1.170074302	1.17	1.171639093	1.17
30082007	1.2058	1.2058	1.2058	1.20623746	1.207497125	1.2058	1.206753095	1.2058	1.208519261	1.205927232	1.2058	1.199296928	1.2058	1.2058	1.203449733	1.199915589	1.2058	1.199820086	1.2058	1.200888295	1.206029392	1.2058	1.207150414	1.2058
30072007	1.2057	1.2057	1.2057	1.206422993	1.208027816	1.2057	1.20813069	1.2057	1.20829154	1.205709792	1.2057	1.199197467	1.2057	1.2057	1.203010047	1.199304973	1.2057	1.199720922	1.2057	1.200560307	1.205690454	1.2057	1.207050302	1.2057
30062007	1.2266	1.2266	1.2266	1.227244283	1.228740531	1.2266	1.228910232	1.2266	1.22922648	1.226829419	1.2266	1.217361572	1.2266	1.2266	1.223858831	1.220083203	1.2266	1.220403915	1.2266	1.221380883	1.2266	1.2266	1.228259058	1.2266
30052007	1.2266	1.2266	1.2266	1.227100222	1.228548821	1.2266	1.228501399	1.2266	1.228996612	1.226719896	1.2266	1.217361572	1.2266	1.2266	1.224014826	1.22178284	1.2266	1.220208137	1.2266	1.221380883	1.2266	1.2266	1.228511605	1.2266
30042007	1.2068	1.2068	1.2068	1.207255268	1.208148799	1.2068	1.208998	1.2068	1.209039745	1.20684919	1.2068	1.197710701	1.2068	1.2068	1.203982285	1.20425773	1.2068	1.200897387	1.2068	1.201665131	1.206809555	1.2068	1.20908787	1.2068
30032007	1.2212	1.2212	1.2212	1.221374453	1.220967766	1.2212	1.224851057	1.2212	1.223416604	1.221279695	1.2212	1.212002244	1.2212	1.2212	1.218762707	1.221544145	1.2212	1.215701272	1.2212	1.215994233	1.2212	1.2212	1.224635272	1.2212
30022007	1.2227	1.2227	1.2227	1.222806998	1.221807899	1.2227	1.226438005	1.2227	1.224839394	1.222729938	1.2227	1.218416298	1.2227	1.2227	1.220687404	1.223911026	1.2227	1.217281832	1.2227	1.217487838	1.22269032	1.2227	1.225300816	1.2227
30012007	1.2535	1.2535	1.2535	1.254145432	1.252631213	1.2535	1.257035271	1.2535	1.255662541	1.253571651	1.2535	1.24910839	1.2535	1.2535	1.250885495	1.254567265	1.2535	1.248144846	1.2535	1.248166425	1.253490075	1.2535	1.256609994	1.2535
30122006	1.2203	1.2203	1.2203	1.220928337	1.219454224	1.2203	1.221747338	1.2203	1.222335395	1.220459621	1.2203	1.216024706	1.2203	1.2203	1.218371169	1.22134077	1.2203	1.215254264	1.2203	1.215117311	1.220309662	1.2203	1.224070123	1.2203
30112006	1.2072	1.2072	1.2072	1.207697035	1.206268304	1.2072	1.209606629	1.2072	1.209055395	1.207288929	1.2072	1.202970601	1.2072	1.2072	1.205904842	1.206856411	1.2072	1.202459666	1.2072	1.202063429	1.2072	1.2072	1.211995517	1.2072
30102006	1.2512	1.2512	1.2512	1.251467011	1.250746298	1.2512	1.252809067	1.2512	1.253030715	1.25125124	1.2512	1.246816448	1.2512	1.2512	1.249055623	1.247993104	1.2512	1.246713821	1.2512	1.245876212	1.2512	1.2512	1.256869835	1.2512
30092006	1.2537	1.2537	1.2537	1.254527664	1.254296745	1.2537	1.25570707	1.2537	1.255482958	1.253833613	1.2537	1.24930769	1.2537	1.2537	1.249841059	1.248348883	1.2537	1.248888369	1.2537	1.248365574	1.2537	1.2537	1.258528232	1.2537
30082006	1.2252	1.2252	1.2252	1.226673484	1.226015209	1.2252	1.226059181	1.2252	1.226811678	1.22532068	1.2252	1.216767265	1.2252	1.2252	1.221064261	1.219961584	1.2252	1.220340769	1.2252	1.21998684	1.225190299	1.2252	1.230053334	1.2252
30072006	1.2333	1.2333	1.2333	1.234756035	1.23441651	1.2333	1.234766537	1.2333	1.234800708	1.233330391	1.2333	1.224811515	1.2333	1.2333	1.229031916	1.227115819	1.2333	1.228414253	1.2333	1.228062099	1.233055589	1.2333	1.237873571	1.2333
30062006	1.2329	1.2329	1.2329	1.234493349	1.23502596	1.2329	1.23624971	1.2329	1.234369804	1.233001337	1.2329	1.224414268	1.2329	1.2329	1.228716634	1.227958285	1.2329	1.228158674	1.2329	1.22790714	1.23285106	1.2329	1.237279581	1.2329
30052006	1.2105	1.2105	1.2105	1.211870639	1.212432727	1.2105	1.215086793	1.2105	1.211843494	1.210579667	1.2105	1.206111178	1.2105	1.2105	1.206996032	1.208247884	1.2105	1.205680601	1.2105	1.205645711	1.210355716	1.2105	1.215174685	1.2105
30042006	1.2522	1.2522	1.2522	1.25330095	1.253188929	1.2522	1.257022411	1.2522	1.253507278	1.252292791	1.2522	1.24765999	1.2522	1.2522	1.248821921	1.251118183	1.2522	1.247429055	1.2522	1.247327161	1.252000665	1.2522	1.255934329	1.2522
30032006	1.3057	1.3057	1.3057	1.307213214	1.308013706	1.3057	1.309759227	1.3057	1.306966281	1.305796842	1.3057	1.300966019	1.3057	1.3057	1.301867202	1.303236926	1.3057	1.300718577	1.3057	1.300826045	1.305595921	1.3057	1.309215641	1.3057
30022006	1.3185	1.3185	1.3185	1.319905427	1.320419702	1.3185	1.322059525	1.3185	1.319680816	1.318663183	1.3185	1.315287729	1.3185	1.3185	1.314129191	1.31523704	1.3185	1.313395184	1.3185	1.31368298	1.318289508	1.3185	1.321867274	1.3185
30012006	1.2841	1.2841	1.2841	1.285176951	1.285205027	1.2841	1.289937722	1.2841	1.285090961	1.284121207	1.2841	1.279984645	1.2841	1.2841	1.280487028	1.281654249	1.2841	1.279887298	1.2841	1.279612941	1.283966535	1.2841	1.287092621	1.2841
30122005	1.3143	1.3143	1.3143	1.31540228	1.315431015	1.3143	1.321074157	1.3143	1.315292545	1.3143	1.3143	1.310087858	1.3143	1.3143	1.310519979	1.310649351	1.3143	1.310173047	1.3143	1.309843553	1.31413164	1.3143	1.317278802	1.3143
30112005	1.3153	1.3153	1.3153	1.316338663	1.316178835	1.3153	1.321907343	1.3153	1.3162933	1.315452182	1.3153	1.311084653	1.3153	1.3153	1.310663894	1.31013385	1.3153	1.310956524	1.3153	1.311008101	1.315067911	1.3153	1.317404901	1.3153
30102005	1.284	1.284	1.284	1.285422497	1.285243784	1.284	1.290522285	1.284	1.284821007	1.28406373	1.284	1.279884965	1.284	1.284	1.279172652	1.278185878	1.284	1.27992266	1.284	1.280036101	1.283834919	1.284	1.286104075	1.284
30092005	1.2902	1.2902	1.2902	1.291683865	1.291315717	1.2902	1.296079434	1.2902	1.290960895	1.290253394	1.2902	1.286065095	1.2902	1.2902	1.286271433	1.28506066	1.2902	1.28613324	1.2902	1.286382348	1.290075421	1.2902	1.293530574	1.2902
30082005	1.2702	1.2702	1.2702	1.271213428	1.27089382	1.2702	1.27767719	1.2702	1.270896506	1.2702	1.2702	1.269332046	1.2702	1.2702	1.26688884	1.264922939	1.2702	1.266335724	1.2702	1.266563824	1.269954289	1.2702	1.2733589	1.2702
30072005	1.2905	1.2905	1.2905	1.291772214	1.291372424	1.2905	1.295478812	1.2905	1.291207637	1.290532056	1.2905	1.289618175	1.2905	1.2905	1.287804499	1.285697052	1.2905	1.286698101	1.2905	1.287054682	1.290270654	1.2905	1.294661113	1.2905
30062005	1.2849	1.2849	1.2849	1.285631168	1.28594953	1.2849	1.287302425	1.2849	1.285572632	1.284878721	1.2849	1.284022001	1.2849	1.2849	1.28192228	1.281078069	1.2849	1.281549596	1.2849	1.281697415	1.284858426	1.2849	1.287752191	1.2849
30052005	1.248	1.248	1.248	1.249110131	1.249137187	1.248	1.250169899	1.248	1.248673994	1.247989668	1.248	1.24334089	1.248	1.248	1.244447563	1.244104237	1.248	1.243789759	1.248	1.244929668	1.247787763	1.248	1.251166224	1.248
30042005	1.1865	1.1865	1.1865	1.187889289	1.187979646	1.1865	1.188449995	1.1865	1.187150609	1.186480357	1.1865	1.182070486	1.1865	1.1865	1.183373494	1.182951761	1.1865	1.181810608	1.1865	1.183782286	1.186345984	1.1865	1.190262704	1.1865
30032005	1.1952	1.1952	1.1952	1.196630499	1.196915742	1.1952	1.196600834	1.1952	1.195875178	1.195219788	1.1952	1.190738006	1.1952	1.1952	1.192208717	1.192683378	1.1952	1.190137981	1.1952	1.192617169	1.195073765	1.1952	1.198601175	1.1952
30022005	1.1617	1.1617	1.1617	1.163065316	1.162919243	1.1617	1.163338899	1.1617	1.16233701	1.161690383	1.1617	1.157454219	1.1617	1.1617	1.15886379	1.160472447	1.1617	1.156440057	1.1617	1.159312007	1.161492012	1.1617	1.165431512	1.1617
30012005	1.1748	1.1748	1.1748	1.175972483	1.176322213	1.1748	1.176011466	1.1748	1.175453924	1.174838908	1.1748	1.170506341	1.1748	1.1748	1.171653146	1.174267814	1.1748	1.169476023	1.1748	1.172595018	1.174685077	1.1748	1.178989463	1.1748
30122004	1.1316	1.1316	1.1316	1.132843776	1.131963625	1.1316	1.132942559	1.1316	1.132192381	1.131571892	1.1316	1.127464228	1.1316	1.1316	1.128316916	1.129721527	1.1316	1.12685072	1.1316	1.1295866	1.131387476	1.1316	1.13514083	1.1316
30112004	1.1365	1.1365	1.1365	1.137922757	1.137486309	1.1365	1.136853479	1.1365	1.137123192	1.136509409	1.1365	1.132594154	1.1365	1.1365	1.13346688	1.133577687	1.1365	1.132331573	1.1365	1.134690986	1.136341924	1.1365	1.141305913	1.1365
30102004	1.1997	1.1997	1.1997	1.20098846	1.20101339	1.1997	1.200311768	1.1997	1.20034791	1.199729804	1.1997	1.195576953	1.1997	1.1997	1.197132087	1.196965288	1.1997	1.195738956	1.1997	1.197957012	1.199552532	1.1997	1.204241253	1.1997
30092004	1.2595	1.2595	1.2595	1.260401258	1.26070694	1.2595	1.261562994	1.2595	1.2601489	1.259583485	1.2595	1.255171436	1.2595	1.2595	1.256796647	1.255847793	1.2595	1.256254968	1.2595	1.257824745	1.259313917	1.2595	1.264827663	1.2595
30082004	1.273	1.273	1.273	1.274056724	1.274656212	1.273	1.276186781	1.273	1.273571437	1.273095008	1.273	1.270512692	1.273	1.273	1.269872011	1.268131723	1.273	1.269216357	1.273	1.271494643	1.272822064	1.273	1.2780373	1.273
30072004	1.2782	1.2782	1.2782	1.279118133	1.279095282	1.2782	1.28254896	1.2782	1.278678339	1.278231817	1.2782	1.275702532	1.2782	1.2782	1.274766715	1.271937711	1.2782	1.273609731	1.2782	1.276866971	1.277957808	1.2782	1.28406422	1.2782
30062004	1.2538	1.2538	1.2538	1.254956064	1.256154045	1.2538	1.2581836	1.2538	1.254237988	1.254050035	1.2538	1.251350207	1.2538	1.2538	1.2507135	1.248608021	1.2538	1.248777507	1.2538	1.252729783	1.25376897	1.2538	1.260205367	1.2538
30052004	1.2488	1.2488	1.2488	1.249774156	1.250847085	1.2488	1.253014955	1.2488	1.248987166	1.248789613	1.2488	1.246595116	1.2488	1.2488	1.246413763	1.24540368	1.2488	1.244204115	1.2488	1.247764931	1.2488	1.2488	1.25372141	1.2488
30042004	1.2968	1.2968	1.2968	1.297386848	1.298136473	1.2968	1.302137908	1.2968	1.297005148	1.296832364	1.2968	1.294293461	1.2968	1.2968	1.294940362	1.294150734	1.2968	1.292020351	1.2968	1.295725147	1.2968	1.2968	1.300411144	1.2968
30032004	1.2759	1.2759	1.2759	1.275799962	1.276521613	1.2759	1.283951937	1.2759	1.276069995	1.275889385	1.2759	1.273433857	1.2759	1.2759	1.274146628	1.273978583	1.2759	1.271538295	1.2759	1.27484247	1.275910527	1.2759	1.278732147	1.2759
30022004	1.2735	1.2735	1.2735	1.273600169	1.273961126	1.2735	1.282665932	1.2735	1.273680272	1.2735	1.2735	1.274793008	1.2735	1.2735	1.271473405	1.27209862	1.2735	1.269418556	1.2735	1.272433961	1.273489493	1.2735	1.275987508	1.2735
30012004	1.262	1.262	1.262	1.262615103	1.261940672	1.262	1.269696521	1.262	1.262178644	1.261989502	1.262	1.263281332	1.262	1.262	1.260070148	1.261477541	1.262	1.257425527	1.262	1.260953991	1.261979173	1.262	1.264418889	1.262
30122003	1.2369	1.2369	1.2369	1.23750287	1.236841852	1.2369	1.24531449	1.2369	1.237085382	1.236879424	1.2369	1.238155848	1.2369	1.2369	1.235098206	1.235705501	1.2369	1.231799377	1.2369	1.235895191	1.236920413	1.2369	1.238543624	1.2369
30112003	1.29	1.29	1.29	1.290547501	1.289898918	1.29	1.300058371	1.29	1.290214803	1.290021459	1.29	1.293090389	1.29	1.29	1.287855291	1.28857929	1.29	1.283603319	1.29	1.288930783	1.290010643	1.29	1.290689455	1.29
30102003	1.3324	1.3324	1.3324	1.33232664	1.331083612	1.3324	1.342492197	1.3324	1.332599695	1.332422169	1.3324	1.335591965	1.3324	1.3324	1.329907099	1.331301111	1.3324	1.324529132	1.3324	1.331284656	1.3324	1.3324	1.331757	1.3324
30092003	1.3155	1.3155	1.3155	1.316081254	1.314653228	1.3155	1.323916537	1.3155	1.315675272	1.315489056	1.3155	1.318651478	1.3155	1.3155	1.313215191	1.313865493	1.3155	1.306996817	1.3155	1.314398803	1.315521704	1.3155	1.314414038	1.3155
30082003	1.409	1.409	1.409	1.409634619	1.408711577	1.409	1.419245575	1.409	1.409199453	1.408976559	1.409	1.406074742	1.409	1.409	1.406544608	1.40606638	1.409	1.399868183	1.409	1.407797308	1.408976754	1.409	1.407364026	1.409
30072003	1.369	1.369	1.369	1.369303159	1.368395489	1.369	1.380198103	1.369	1.36921657	1.368988614	1.369	1.366157787	1.369	1.369	1.366612317	1.365381508	1.369	1.360018742	1.369	1.367854018	1.369236954	1.369	1.367817811	1.369
30062003	1.3581	1.3581	1.3581	1.358718935	1.35948812	1.3581	1.369593199	1.3581	1.358326143	1.358122592	1.3581	1.362033978	1.3581	1.3581	1.355823142	1.35545518	1.3581	1.349476348	1.3581	1.356728313	1.358144716	1.3581	1.35721847	1.3581
30052003	1.291	1.291	1.291	1.291446019	1.292197337	1.291	1.302613265	1.291	1.29119349	1.290967788	1.291	1.294739611	1.291	1.291	1.288657386	1.288129475	1.291	1.282922115	1.291	1.289653621	1.291	1.291	1.290554235	1.291
30042003	1.3601	1.3601	1.3601	1.360858067	1.36129517	1.3601	1.370932557	1.3601	1.360337789	1.3601	1.3601	1.364039771	1.3601	1.3601	1.356678106	1.356133769	1.3601	1.35226268	1.3601	1.358681557	1.360088806	1.3601	1.360615832	1.3601
30032003	1.3537	1.3537	1.3537	1.354759957	1.355197106	1.3537	1.363131162	1.3537	1.35393667	1.353396499	1.3537	1.355977365	1.3537	1.3537	1.35037056	1.35067999	1.3537	1.346239425	1.3537	1.352299361	1.353711141	1.3537	1.355658418	1.3537
30022003	1.3555	1.3555	1.3555	1.356561367	1.356999097	1.3555	1.364218924	1.3555	1.356041011	1.355443806	1.3555	1.360463373	1.3555	1.3555	1.352623758	1.353598067	1.3555	1.348397111	1.3555	1.354086355	1.355477687	1.3555	1.357719811	1.3555
30012003	1.3573	1.3573	1.3573	1.358310566	1.357150274	1.3573	1.363451622	1.3573	1.357898023	1.357288749	1.3573	1.361248127	1.3573	1.3573	1.354699971	1.356154113	1.3573	1.350244999	1.3573	1.355906797	1.3573	1.3573	1.359654801	1.3573
30122002	1.3868	1.3868	1.3868	1.38783253	1.38664702	1.3868	1.392508269	1.3868	1.387422521	1.386662154	1.3868	1.390833937	1.3868	1.3868	1.38424937	1.384850867	1.3868	1.378858373	1.3868	1.385376516	1.3869141	1.3868	1.38814652	1.3868
30112002	1.486	1.486	1.486	1.487129402	1.48564909	1.486	1.492625104	1.486	1.486814838	1.486012303	1.486	1.4899743	1.486	1.486	1.483479133	1.483911443	1.486	1.477313717	1.486	1.484352567	1.486500077	1.486	1.487442839	1.486
30102002	1.4837	1.4837	1.4837	1.48522681	1.484050285	1.4837	1.49185307	1.4837	1.484501286	1.483650873	1.4837	1.487668149	1.4837	1.4837	1.481813505	1.480561182	1.4837	1.476287421	1.4837	1.481556535	1.4837	1.4837	1.485495744	1.4837
30092002	1.4832	1.4832	1.4832	1.483777161	1.483882543	1.4832	1.49014932	1.4832	1.484050155	1.483212276	1.4832	1.487208872	1.4832	1.4832	1.480993502	1.479213101	1.4832	1.473702846	1.4832	1.481057258	1.483187852	1.4832	1.483724249	1.4832
30082002	1.4907	1.4907	1.4907	1.491280079	1.491385994	1.4907	1.497711306	1.4907	1.491542109	1.49066299	1.4907	1.500962207	1.4907	1.4907	1.488901459	1.48646616	1.4907	1.481233659	1.4907	1.488558614	1.490687789	1.4907	1.490952768	1.4907
30072002	1.487	1.487	1.487	1.487398952	1.489379387	1.487	1.492214492	1.487	1.487876958	1.486447642	1.487	1.497236735	1.487	1.487	1.485629042	1.482560132	1.487	1.477924016	1.487	1.484876092	1.48702436	1.487	1.487211933	1.487
30062002	1.4752	1.4752	1.4752	1.475595787	1.477560506	1.4752	1.478844693	1.4752	1.476618501	1.475224307	1.4752	1.485355502	1.4752	1.4752	1.473733477	1.471847222	1.4752	1.465888138	1.4752	1.473068815	1.4752	1.4752	1.4732193	1.4752
30052002	1.5601	1.5601	1.5601	1.561521112	1.562943519	1.5601	1.564445037	1.5601	1.561574407	1.559650941	1.5601	1.561214552	1.5601	1.5601	1.557991036	1.556999695	1.5601	1.551182368	1.5601	1.557846162	1.5601	1.5601	1.557457768	1.5601
30042002	1.622	1.622	1.622	1.623477498	1.624956341	1.622	1.626193702	1.622	1.624000359	1.621906807	1.622	1.623158774	1.622	1.622	1.620027929	1.621307872	1.622	1.611168663	1.622	1.619656737	1.621973429	1.622	1.618086897	1.622
30032002	1.6829	1.6829	1.6829	1.683812217	1.683435308	1.6829	1.689221314	1.6829	1.685072282	1.682734401	1.6829	1.684102281	1.6829	1.6829	1.68132972	1.682418965	1.6829	1.670322484	1.6829	1.680496285	1.682913785	1.6829	1.677044083	1.6829
30022002	1.7053	1.7053	1.7053	1.706224359	1.705842433	1.7053	1.712275486	1.7053	1.707669232	1.705369899	1.7053	1.702582088	1.7053	1.7053	1.703701937	1.70603299	1.7053	1.692361168	1.7053	1.702850342	1.705286032	1.7053	1.697803666	1.7053
30012002	1.6982	1.6982	1.6982	1.698930463	1.697176971	1.6982	1.705128553	1.6982	1.700489666	1.697991296	1.6982	1.695493404	1.6982	1.6982	1.695988277	1.700146368	1.6982	1.684296849	1.6982	1.695774432	1.698325148	1.6982	1.689788506	1.6982
30122001	1.6773	1.6773	1.6773	1.677754354	1.675519096	1.6773	1.683896722	1.6773	1.679767925	1.677053042	1.6773	1.674626714	1.6773	1.6773	1.674757191	1.677779983	1.6773	1.663443253	1.6773	1.674780861	1.677670197	1.6773	1.668740461	1.6773
30112001	1.6545	1.6545	1.6545	1.654895218	1.653371498	1.6545	1.66020865	1.6545	1.657178374	1.654418891	1.6545	1.648720856	1.6545	1.6545	1.651634962	1.65331542	1.6545	1.640960467	1.6545	1.651650569	1.655039242	1.6545	1.645572871	1.6545
30102001	1.624	1.624	1.624	1.624856194	1.624	1.624	1.628317298	1.624	1.626708745	1.623787934	1.624	1.618327392	1.624	1.624	1.620488453	1.620744987	1.624	1.610126611	1.624	1.620674879	1.624763884	1.624	1.615909134	1.624
30092001	1.6117	1.6117	1.6117	1.613106051	1.612934666	1.6117	1.615180368	1.6117	1.614599068	1.610496587	1.6117	1.606070356	1.6117	1.6117	1.608081788	1.609153669	1.6117	1.599877129	1.6117	1.607643873	1.612453843	1.6117	1.605097094	1.6117
30082001	1.654	1.654	1.654	1.655442953	1.655267071	1.654	1.65798624	1.654	1.658213299	1.653946536	1.654	1.64708517	1.654	1.654	1.650286826	1.650192171	1.654	1.641859526	1.654	1.649066096	1.654159491	1.654	1.649502609	1.654
30072001	1.724	1.724	1.724	1.725924166	1.726523531	1.724	1.729034823	1.724	1.728447484	1.723930372	1.724	1.716792523	1.724	1.724	1.719381469	1.717543737	1.724	1.711928932	1.724	1.718691557	1.72427665	1.724	1.718668224	1.724
30062001	1.7954	1.7954	1.7954	1.797746714	1.798282181	1.7954	1.798685571	1.7954	1.80010438	1.795458009	1.7954	1.787894023	1.7954	1.7954	1.790052294	1.78944835	1.7954	1.783378291	1.7954	1.789584531	1.795745004	1.7954	1.791174876	1.7954
30052001	1.7935	1.7935	1.7935	1.796123432	1.795581677	1.7935	1.797048155	1.7935	1.798141304	1.793543475	1.7935	1.786156637	1.7935	1.7935	1.788665877	1.788574474	1.7935	1.781770968	1.7935	1.787347229	1.794343992	1.7935	1.792056755	1.7935
30042001	1.7327	1.7327	1.7327	1.734379563	1.734527486	1.7327	1.734216469	1.7327	1.737141854	1.732490131	1.7327	1.725605579	1.7327	1.7327	1.728651372	1.728679751	1.7327	1.721501313	1.7327	1.725943608	1.733401107	1.7327	1.73392285	1.7327
30032001	1.7317	1.7317	1.7317	1.733117421	1.732419823	1.7317	1.732991634	1.7317	1.736349601	1.731574294	1.7317	1.724609673	1.7317	1.7317	1.726874815	1.72666147	1.7317	1.721146368	1.7317	1.72424982	1.731946464	1.7317	1.733405826	1.7317
30022001	1.6678	1.6678	1.6678	1.668884649	1.669432361	1.6678	1.666590626	1.6678	1.672399431	1.66777311	1.6678	1.658546892	1.6678	1.6678	1.6630454	1.664127157	1.6678	1.658398388	1.6678	1.660388417	1.668444206	1.6678	1.671084386	1.6678
30012001	1.6449	1.6449	1.6449	1.646672247	1.646164216	1.6449	1.643245405	1.6449	1.649462873	1.644979581	1.6449	1.635773943	1.6449	1.6449	1.640341621	1.642369423	1.6449	1.636619993	1.6449	1.636957891	1.645442246	1.6449	1.64916244	1.6449
30122000	1.6365	1.6365	1.6365	1.63851385	1.638151089	1.6365	1.634938037	1.6365	1.640960181	1.636328526	1.6365	1.627420547	1.6365	1.6365	1.631893461	1.632416183	1.6365	1.628699865	1.6365	1.628061754	1.636640922	1.6365	1.642825387	1.6365
30112000	1.7355	1.7355	1.7355	1.738239977	1.738562986	1.7355	1.732571662	1.7355	1.740412361	1.735486021	1.7355	1.724113981	1.7355	1.7355	1.730599117	1.730961588	1.7355	1.726961604	1.7355	1.726402618	1.7355	1.7355	1.742881575	1.7355
30102000	1.8079	1.8079	1.8079	1.810809207	1.811348928	1.8079	1.804474232	1.8079	1.813031895	1.807987399	1.8079	1.79603899	1.8079	1.8079	1.802785568	1.803699163	1.8079	1.799275152	1.8079	1.798423102	1.807914144	1.8079	1.8162969	1.8079
30092000	1.7359	1.7359	1.7359	1.739163343	1.74040437	1.7359	1.733231272	1.7359	1.740743363	1.735927983	1.7359	1.724511357	1.7359	1.7359	1.731144482	1.731532746	1.7359	1.727994862	1.7359	1.726787012	1.735872837	1.7359	1.744027093	1.7359
30082000	1.734	1.734	1.734	1.735836763	1.734976674	1.734	1.730605812	1.734	1.738810032	1.734055922	1.734	1.717757695	1.734	1.734	1.728983949	1.727405978	1.734	1.72651453	1.734	1.724923977	1.734054263	1.734	1.742162812	1.734
30072000	1.6741	1.6741	1.6741	1.676290322	1.676431516	1.6741	1.671607284	1.6741	1.678689734	1.67423507	1.6741	1.658418776	1.6741	1.6741	1.669082831	1.66757145	1.6741	1.666722807	1.6741	1.665285391	1.674086905	1.6741	1.682021348	1.6741
30062000	1.6263	1.6263	1.6263	1.628427783	1.628564945	1.6263	1.623878458	1.6263	1.630627122	1.626562819	1.6263	1.611066516	1.6263	1.6263	1.62221729	1.62153922	1.6263	1.618961333	1.6263	1.617749725	1.625968863	1.6263	1.633996863	1.6263
30052000	1.688	1.688	1.688	1.689972379	1.690239716	1.688	1.685486587	1.688	1.692217816	1.688287002	1.688	1.676663268	1.688	1.688	1.683837312	1.683030531	1.688	1.679838786	1.688	1.6794673	1.687668725	1.688	1.696301998	1.688
30042000	1.7327	1.7327	1.7327	1.734825886	1.734719472	1.7327	1.730945467	1.7327	1.736734221	1.733178278	1.7327	1.72106306	1.7327	1.7327	1.72747006	1.727256236	1.7327	1.724705431	1.7327	1.72427974	1.732468302	1.7327	1.739869077	1.7327
30032000	1.6688	1.6688	1.6688	1.670847486	1.670744996	1.6688	1.66982765	1.6688	1.672223859	1.669112462	1.6688	1.657592217	1.6688	1.6688	1.664480621	1.664526809	1.6688	1.661628497	1.6688	1.660912369	1.668642261	1.6688	1.676424695	1.6688
30022000	1.6488	1.6488	1.6488	1.651011286	1.651364747	1.6488	1.649815334	1.6488	1.651873532	1.649487111	1.6488	1.642306217	1.6488	1.6488	1.645169635	1.645532221	1.6488	1.640913755	1.6488	1.641162026	1.648435687	1.6488	1.656235676	1.6488
30012000	1.641	1.641	1.641	1.643114715	1.643857724	1.641	1.642903324	1.641	1.643374142	1.64077173	1.641	1.634536938	1.641	1.641	1.6373782	1.637564871	1.641	1.633132274	1.641	1.633759148	1.64080535	1.641	1.647688992	1.641
30121999	1.5996	1.5996	1.5996	1.601808765	1.602153002	1.5996	1.601455306	1.5996	1.60213711	1.599586922	1.5996	1.593299991	1.5996	1.5996	1.596143748	1.596251534	1.5996	1.591813279	1.5996	1.592730749	1.59975183	1.5996	1.605235588	1.5996
30111999	1.592	1.592	1.592	1.5937195	1.593948649	1.592	1.593983371	1.592	1.594538093	1.591765945	1.592	1.589715167	1.592	1.592	1.588644097	1.588835314	1.592	1.583794993	1.592	1.585012941	1.591722874	1.592	1.596282457	1.592
30101999	1.533	1.533	1.533	1.534578456	1.534548515	1.533	1.534909867	1.533	1.535669803	1.53427043	1.533	1.530799843	1.533	1.533	1.52969131	1.528562032	1.533	1.524488887	1.533	1.526537614	1.533024285	1.533	1.536048751	1.533
30091999	1.4975	1.4975	1.4975	1.499017267	1.49942929	1.4975	1.499266555	1.4975	1.498865836	1.497586436	1.4975	1.495350793	1.4975	1.4975	1.494706202	1.493582553	1.4975	1.48841359	1.4975	1.491163643	1.497321983	1.4975	1.500551374	1.4975
30081999	1.5179	1.5179	1.5179	1.519091219	1.5196104	1.5179	1.51969062	1.5179	1.519196754	1.517824903	1.5179	1.518259542	1.5179	1.5179	1.515214694	1.514224127	1.5179	1.508458405	1.5179	1.511657025	1.517803656	1.5179	1.522354081	1.5179
30071999	1.4953	1.4953	1.4953	1.496207949	1.496550223	1.4953	1.496286945	1.4953	1.496651492	1.495410992	1.4953	1.495654189	1.4953	1.4953	1.492879394	1.491829692	1.4953	1.486043853	1.4953	1.489244502	1.495026748	1.4953	1.498631675	1.4953
30061999	1.5525	1.5525	1.5525	1.553238445	1.5543097	1.5525	1.553524699	1.5525	1.553787858	1.55261534	1.5525	1.552867738	1.5525	1.5525	1.549829736	1.549040911	1.5525	1.542634457	1.5525	1.546495467	1.552475299	1.5525	1.554705926	1.5525
30051999	1.5242	1.5242	1.5242	1.524928618	1.525636078	1.5242	1.525797604	1.5242	1.525351059	1.524174828	1.5242	1.524086424	1.5242	1.5242	1.521344846	1.520826228	1.5242	1.51439173	1.5242	1.518329079	1.5242	1.5242	1.526722038	1.5242
30041999	1.521	1.521	1.521	1.52174684	1.522601159	1.521	1.52259425	1.521	1.52217378	1.520661419	1.521	1.520886663	1.521	1.521	1.518835169	1.518844412	1.521	1.511250857	1.521	1.515141405	1.521084684	1.521	1.523000567	1.521
30031999	1.4872	1.4872	1.4872	1.487774337	1.488286067	1.4872	1.487334405	1.4872	1.488679083	1.487261248	1.4872	1.487089181	1.4872	1.4872	1.485226749	1.485541627	1.4872	1.477203415	1.4872	1.481389118	1.487140864	1.4872	1.4895072	1.4872
30021999	1.4433	1.4433	1.4433	1.443421875	1.443869221	1.4433	1.443430438	1.4433	1.444675925	1.443276221	1.4433	1.438414812	1.4433	1.4433	1.441305029	1.441688654	1.4433	1.433315075	1.4433	1.437717815	1.443150662	1.4433	1.44534835	1.4433
