30042017 0.9934 0.9934 0.9934 0.993865018725447 0.994126769940879 0.9934 0.995685057986506 0.9934 0.992651858880301 0.993408353971591 0.9934 0.994350177738016 0.9934 0.9934 0.991453975568055 0.991764271164756 0.9934 0.988326938742537 0.9934 0.992658559574345 0.9933097054518 0.9934 0.994684317742653 0.9934
30032017 1.0001 1.0001 1.0001 1.00056815505065 1.00083167165077 1.0001 1.00260582007642 1.0001 0.999338409121713 1.0001 1.0001 1.00114082517867 1.0001 1.0001 0.997833602372027 0.998301242006301 1.0001 0.994942370784364 1.0001 0.999444402870053 0.999992441444018 1.0001 1.00032598590181 1.0001
30022017 1.0062 1.0062 1.0062 1.0064928633697 1.00570221648368 1.0062 1.00857384646088 1.0062 1.00543376388188 1.00610697388098 1.0062 1.00724717357742 1.0062 1.0062 1.00406778347203 1.00468895236003 1.0062 1.00082350223865 1.0062 1.00564855941878 1.00619166959883 1.0062 1.0062 1.0062
30012017 0.9954 0.9954 0.9954 0.99539149801201 0.994214612062045 0.9954 0.997862438512547 0.9954 0.994733954290641 0.995358201934917 0.9954 0.995004889505297 0.9954 0.9954 0.993736281271341 0.995100045121689 0.9954 0.989734871224952 0.9954 0.9948627148191 0.995309298820129 0.9954 0.995775921179609 0.9954
30122016 1.016 1.016 1.016 1.01599132206169 1.01479008022407 1.016 1.01762423949072 1.016 1.01536280667065 1.01610243485639 1.016 1.01559671261541 1.016 1.016 1.01453526473248 1.015233726762 1.016 1.00965994159273 1.016 1.01554413231587 1.01589045956858 1.016 1.01553912338767 1.016
30112016 1.0128 1.0128 1.0128 1.01261903892037 1.01254141491751 1.0128 1.01519774992546 1.0128 1.01206277568008 1.01271490576577 1.0128 1.0123979828119 1.0128 1.0128 1.01141981953895 1.0109651998123 1.0128 1.00643790685513 1.0128 1.01245472631598 1.012791594079 1.0128 1.01203854836131 1.0128
30102016 0.989 0.989 0.989 0.988823291362798 0.988747491462695 0.989 0.991416057227415 0.989 0.988363140948077 0.989141326721537 0.989 0.99001082274983 0.989 0.989 0.987800827720663 0.986753770391246 0.989 0.983111594645284 0.989 0.988671045633104 0.989 0.989 0.988182484417206 0.989
30092016 0.9742 0.9742 0.9742 0.974050701089727 0.974399406431078 0.9742 0.97644982453936 0.9742 0.973433568995629 0.974109905113838 0.9742 0.975195696180873 0.9742 0.9742 0.973313952153104 0.971536980608294 0.9742 0.968344749334141 0.9742 0.973875968307149 0.9742 0.9742 0.973323518307441 0.9742
30082016 0.9843 0.9843 0.9843 0.984132479476525 0.985360535643065 0.9843 0.98651266944098 0.9843 0.983616588777449 0.984324817518436 0.9843 0.98530601904212 0.9843 0.9843 0.983553917424669 0.981606917864712 0.9843 0.978682533235469 0.9843 0.983972608914726 0.984291829806301 0.9843 0.983857914948726 0.9843
30072016 0.9746 0.9746 0.9746 0.974294799160853 0.975745333277443 0.9746 0.976264214000873 0.9746 0.973898768334719 0.974755812053899 0.9746 0.973772754189451 0.9746 0.9746 0.973787795843558 0.971637610021652 0.9746 0.969125117492444 0.9746 0.974283922317033 0.974591909515403 0.9746 0.974085871914545 0.9746
30062016 0.976 0.976 0.976 0.975694360743888 0.977146978533536 0.976 0.977666604622258 0.976 0.975141862341751 0.975835786938795 0.976 0.975171565861794 0.976 0.976 0.975184404650933 0.973922429561376 0.976 0.970695795938829 0.976 0.975691567821696 0.975991897086348 0.976 0.974895035757067 0.976
30052016 0.9902 0.9902 0.9902 0.989905806394027 0.99009897464367 0.9902 0.992083007385352 0.9902 0.989495860896691 0.990191678047503 0.9902 0.989359512824127 0.9902 0.9902 0.989292798983816 0.989295292451341 0.9902 0.985087906243894 0.9902 0.989895298661038 0.9902 0.9902 0.989306712126759 0.9902
30042016 0.9623 0.9623 0.9623 0.962014095630148 0.962201821146843 0.9623 0.963678770293877 0.9623 0.961623782597783 0.96222725187555 0.9623 0.966048242214393 0.9623 0.9623 0.961636569836365 0.962153072743654 0.9623 0.957498744459164 0.9623 0.962003883964368 0.962292010030009 0.9623 0.960704694904386 0.9623
30032016 0.962 0.962 0.962 0.961336098573267 0.961195506392501 0.962 0.963379101425886 0.962 0.961396673245244 0.962105078765186 0.962 0.965644837668901 0.962 0.962 0.961184958558513 0.962882976009828 0.962 0.957565629934486 0.962 0.961711961366968 0.962015974361369 0.962 0.961221648149413 0.962
30022016 1.0019 1.0019 1.0019 1.00080784663313 1.00042955028882 1.0019 1.00309390465553 1.0019 1.00116229316725 1.00189157716865 1.0019 1.00569601128947 1.0019 1.0019 1.00081726782599 1.00312632114476 1.0019 0.996938468233412 1.0019 1.00158338299237 1.00186672368224 1.0019 1.0013122005804 1.0019
30012016 1.0198 1.0198 1.0198 1.01868438527736 1.01796509392436 1.0198 1.02117515863894 1.0198 1.01905768033031 1.01981714770946 1.0198 1.02223579949044 1.0198 1.0198 1.01917126718824 1.02120501351367 1.0198 1.01486126931499 1.0198 1.01951158755082 1.0197152659191 1.0198 1.01830091683232 1.0198
30122015 0.9921 0.9921 0.9921 0.990935932523888 0.991124464484997 0.9921 0.994280885783641 0.9921 0.991361173840282 0.992150066868366 0.9921 0.994469637845128 0.9921 0.9921 0.991719257112641 0.992555405375064 0.9921 0.987116479362327 0.9921 0.991901837516884 0.992000973187823 0.9921 0.991153919689605 0.9921
30112015 1.0311 1.0311 1.0311 1.02989017238724 1.03008611564407 1.0311 1.03234698125948 1.0311 1.03028013652529 1.03086612256789 1.0311 1.03356278962011 1.0311 1.0311 1.03094235145826 1.03015273078603 1.0311 1.02621040067471 1.0311 1.0309969569657 1.0311085818085 1.0311 1.03140313128379 1.0311
30102015 0.9889 0.9889 0.9889 0.987773630019567 0.988413315622873 0.9889 0.98994503133591 0.9889 0.988337869200628 0.989099395196907 0.9889 0.990990563355776 0.9889 0.9889 0.988975502963825 0.987687736025678 0.9889 0.98395914070748 0.9889 0.988792944536593 0.9889 0.9889 0.989263901231085 0.9889
30092015 0.9734 0.9734 0.9734 0.972248436952497 0.972870510184109 0.9734 0.974473522192313 0.9734 0.972650561259691 0.973342713012016 0.9734 0.975457795905059 0.9734 0.9734 0.973251445971738 0.970860190467004 0.9734 0.968618483122301 0.9734 0.973294622521913 0.973408100764395 0.9734 0.974190307714944 0.9734
30082015 0.9644 0.9644 0.9644 0.963259084237711 0.963875405816267 0.9644 0.965855776161671 0.9644 0.963714207482093 0.964318988610937 0.9644 0.966438769643352 0.9644 0.9644 0.964326507901182 0.961140281428599 0.9644 0.959922335075467 0.9644 0.964287571906415 0.964391974201596 0.9644 0.965466004237611 0.9644
30072015 0.9623 0.9623 0.9623 0.961467255883023 0.961926502362924 0.9623 0.963971198369903 0.9623 0.961696485097607 0.962510372520603 0.9623 0.962674976324231 0.9623 0.9623 0.962226667931675 0.959791462905503 0.9623 0.957820747698076 0.9623 0.962195824175916 0.9623 0.9623 0.963367458793979 0.9623
30062015 0.9302 0.9302 0.9302 0.929277815233464 0.928931826794565 0.9302 0.931367768525539 0.9302 0.929413433847068 0.930223496129203 0.9302 0.930562468021199 0.9302 0.9302 0.9302 0.929059694661832 0.9302 0.925834605345444 0.9302 0.930099299229385 0.930192258043031 0.9302 0.931209455287201 0.9302
30052015 0.9417 0.9417 0.9417 0.940819508164534 0.940018632132075 0.9417 0.942792649764258 0.9417 0.940879943686372 0.94170793040579 0.9417 0.942071465325152 0.9417 0.9417 0.941844532309773 0.942277730695372 0.9417 0.93710785778884 0.9417 0.941605891159538 0.9417 0.9417 0.943202504023652 0.9417
30042015 0.9357 0.9357 0.9357 0.935014561714016 0.934282621155968 0.9357 0.937412131664093 0.9357 0.93487729568973 0.935755182845637 0.9357 0.933084851740623 0.9357 0.9357 0.935771968624079 0.936991518558713 0.9357 0.93107165616924 0.9357 0.935606490769863 0.935692211489233 0.9357 0.937328779385276 0.9357
30032015 0.9728 0.9728 0.9728 0.972109612116846 0.971027854504557 0.9728 0.974646692180652 0.9728 0.971887358915107 0.972660755313678 0.9728 0.970081162523542 0.9728 0.9728 0.97287530869514 0.975047205181993 0.9728 0.967853605743488 0.9728 0.972710879758558 0.9728 0.9728 0.975556971922285 0.9728
30022015 0.9488 0.9488 0.9488 0.948415480503588 0.947441400863504 0.9488 0.951277540440063 0.9488 0.948045576117927 0.949039868720151 0.9488 0.946148239106021 0.9488 0.9488 0.948873724703234 0.951872774853593 0.9488 0.944196305477197 0.9488 0.948713078448725 0.9488 0.9488 0.952465973873715 0.9488
30012015 0.9237 0.9237 0.9237 0.923443516822034 0.922460044488866 0.9237 0.92621607073884 0.9237 0.922732255538523 0.92292475219734 0.9237 0.925021806616852 0.9237 0.9237 0.923126270653489 0.925973063782463 0.9237 0.919347393734994 0.9237 0.923615377912192 0.923707688690049 0.9237 0.927394293808887 0.9237
30122014 0.9891 0.9891 0.9891 0.989058533343085 0.988487456110497 0.9891 0.992000973907884 0.9891 0.988893701008905 0.988992654710711 0.9891 0.990515393444547 0.9891 0.9891 0.988028121844147 0.990313997352875 0.9891 0.984376921172079 0.9891 0.989001154237973 0.9890752987449 0.9891 0.992372341370038 0.9891
30112014 0.966 0.966 0.966 0.965983802952637 0.965919029695834 0.966 0.968645190436145 0.966 0.965903346829231 0.965983882404905 0.966 0.963602057657488 0.966 0.966 0.964659233599812 0.965704089366083 0.966 0.961640940365497 0.966 0.965927585297316 0.966 0.966 0.969195917261608 0.966
30102014 0.9589 0.9589 0.9589 0.958883921999259 0.958819624819187 0.9589 0.961559607568136 0.9589 0.958820055018598 0.958876007406024 0.9589 0.956519682285472 0.9589 0.9589 0.957572772447892 0.957725591919466 0.9589 0.954048745815224 0.9589 0.958828117537884 0.9589 0.9589 0.962282864064068 0.9589
30092014 0.9581 0.9581 0.9581 0.958164377628191 0.958486642637206 0.9581 0.960680345428164 0.9581 0.958044092894202 0.958131965969229 0.9581 0.959009454468442 0.9581 0.9581 0.956772654913064 0.956039858535191 0.9581 0.95306032860158 0.9581 0.958028177508652 0.9581 0.9581 0.961364846161132 0.9581
30082014 0.9145 0.9145 0.9145 0.914523029753759 0.915069212260552 0.9145 0.91706440985646 0.9145 0.914416128539736 0.914492371188195 0.9145 0.915368068167614 0.9145 0.9145 0.912951736223284 0.911689535247534 0.9145 0.909567174154628 0.9145 0.914431445915523 0.9145 0.9145 0.918232423009383 0.9145
30072014 0.9092 0.9092 0.9092 0.909238022909888 0.909916609131013 0.9092 0.912207078988826 0.9092 0.909124198584742 0.909207584662171 0.9092 0.910063037264072 0.9092 0.9092 0.90766070921182 0.905841786723474 0.9092 0.90432724042556 0.9092 0.909131843221863 0.909207569507181 0.9092 0.912375584286811 0.9092
30062014 0.8903 0.8903 0.8903 0.890463859418786 0.890777005388722 0.8903 0.895761013926092 0.8903 0.890218347992266 0.890344578525729 0.8903 0.891145096872199 0.8903 0.8903 0.888720603245638 0.887282397565532 0.8903 0.885605041192204 0.8903 0.8902258484926 0.890292587905701 0.8903 0.893350079528675 0.8903
30052014 0.8956 0.8956 0.8956 0.89563002799658 0.895645040106948 0.8956 0.901407175770678 0.8956 0.89547302436776 0.895510345852449 0.8956 0.89645012777574 0.8956 0.8956 0.894145214692731 0.893389284947178 0.8956 0.891107150595174 0.8956 0.895532862724923 0.8956 0.8956 0.898147419835569 0.8956
30042014 0.8821 0.8821 0.8821 0.8821 0.881937361387146 0.8821 0.888516460089327 0.8821 0.882063237407812 0.882136782520621 0.8821 0.882937313210117 0.8821 0.8821 0.880938823813499 0.880738514996454 0.8821 0.877805062759509 0.8821 0.882033874731638 0.882092655440139 0.8821 0.884863670233575 0.8821
30032014 0.884 0.884 0.884 0.884 0.883837011071576 0.884 0.890211913168382 0.884 0.883926299547857 0.884007374440562 0.884 0.884839116741575 0.884 0.884 0.883174979766862 0.883451952268257 0.884 0.879514366931873 0.884 0.883941092190265 0.883992638884835 0.884 0.886066411484806 0.884
30022014 0.8818 0.8818 0.8818 0.881696184652574 0.881562749664033 0.8818 0.887893792464959 0.8818 0.881719127552038 0.881807356824341 0.8818 0.881522223643754 0.8818 0.8818 0.880627231278071 0.881525851003068 0.8818 0.877910562975187 0.8818 0.881748581160892 0.8818 0.8818 0.883874409121497 0.8818
30012014 0.9023 0.9023 0.9023 0.902353084279289 0.901664800207887 0.9023 0.907806257158048 0.9023 0.90220972033542 0.902315058034311 0.9023 0.902015765926241 0.9023 0.9023 0.901166791873795 0.902581134212632 0.9023 0.89787324066213 0.9023 0.902247385780759 0.902315026437453 0.9023 0.905031229927677 0.9023
30122013 0.8915 0.8915 0.8915 0.891559812146784 0.891350622463932 0.8915 0.89758431243416 0.8915 0.891395924868231 0.891447942689382 0.8915 0.891219168040833 0.8915 0.8915 0.890591471523744 0.891360952965256 0.8915 0.887126226366274 0.8915 0.891433170075111 0.891492577173658 0.8915 0.893866085274861 0.8915
30112013 0.9048 0.9048 0.9048 0.904610639098504 0.904815170390254 0.9048 0.911363889392132 0.9048 0.90474720305884 0.904860388443438 0.9048 0.904514978399715 0.9048 0.9048 0.904092954140284 0.904094611674924 0.9048 0.899853404081115 0.9048 0.904739706124154 0.904807533627813 0.9048 0.907232373839756 0.9048
30102013 0.8974 0.8974 0.8974 0.897212187806142 0.897415046317655 0.8974 0.904358119053814 0.8974 0.8972877478057 0.897325144924352 0.8974 0.898243033755835 0.8974 0.8974 0.896489740326348 0.896422512759682 0.8974 0.892778412571722 0.8974 0.897332727790695 0.897392528048952 0.8974 0.899742371530006 0.8974
30092013 0.9052 0.9052 0.9052 0.905163613998986 0.905243681988474 0.9052 0.912725066673341 0.9052 0.905162274687168 0.905267957112208 0.9052 0.906057287310038 0.9052 0.9052 0.904058730206721 0.904063046890016 0.9052 0.900251689133841 0.9052 0.905139679469037 0.9052 0.9052 0.907184475967255 0.9052
30082013 0.9302 0.9302 0.9302 0.9302 0.930829334430976 0.9302 0.938187182774615 0.9302 0.930091406968512 0.930130171276605 0.9302 0.931312267928136 0.9302 0.9302 0.928695991912753 0.927983183253374 0.9302 0.925000279642514 0.9302 0.930138013524191 0.930207745115596 0.9302 0.931255262912979 0.9302
30072013 0.9299 0.9299 0.9299 0.929803275298477 0.930661608696849 0.9299 0.938421314929383 0.9299 0.929861245284576 0.929861245284576 0.9299 0.931011909209174 0.9299 0.9299 0.928528285973539 0.927290060636114 0.9299 0.924797969271794 0.9299 0.929830291478234 0.9299 0.9299 0.931485175993102 0.9299
30062013 0.9412 0.9412 0.9412 0.940801276438412 0.941471852952098 0.9412 0.948479669548606 0.9412 0.9412 0.941223533824422 0.9412 0.942325420956742 0.9412 0.9412 0.940141564023563 0.939350084428602 0.9412 0.935972670287343 0.9412 0.941129444391132 0.941215671126185 0.9412 0.942501139592544 0.9412
30052013 0.9534 0.9534 0.9534 0.952996108113453 0.953675376757894 0.9534 0.961149625951583 0.9534 0.953376161722059 0.95341589649112 0.9534 0.954540008861196 0.9534 0.9534 0.952528418586451 0.952463783575911 0.9534 0.947972885874464 0.9534 0.95331265703311 0.953431739268359 0.9534 0.954874631935776 0.9534
30042013 0.9393 0.9393 0.9393 0.938804289860076 0.938893640271314 0.9393 0.946744950093566 0.9393 0.939260853528123 0.9393 0.9393 0.940423149069983 0.9393 0.9393 0.93844130855701 0.938377629444989 0.9393 0.934163681227673 0.9393 0.939182682798398 0.939292183865955 0.9393 0.941978180289407 0.9393
30032013 0.9521 0.9521 0.9521 0.951893512902794 0.951977519772823 0.9521 0.959573570710042 0.9521 0.952060320072529 0.9521 0.9521 0.953238454412361 0.9521 0.9521 0.950551437903441 0.950895058700041 0.9521 0.946862900298878 0.9521 0.951989005819263 0.952107922711752 0.9521 0.953959654770178 0.9521
30022013 0.9308 0.9308 0.9308 0.930590039347422 0.930170685402055 0.9308 0.937674300077085 0.9308 0.930761207775979 0.9308 0.9308 0.93191298536606 0.9308 0.9308 0.929607407789307 0.930008838111168 0.9308 0.925202729083748 0.9308 0.930683744436015 0.930792254596435 0.9308 0.93239447635993 0.9308
30012013 0.9116 0.9116 0.9116 0.911270707847808 0.910664513047304 0.9116 0.918762785683984 0.9116 0.911562007959371 0.911775028981513 0.9116 0.912690027352493 0.9116 0.9116 0.910297868618276 0.911470759189984 0.9116 0.905813351569761 0.9116 0.911493727239618 0.91161517070375 0.9116 0.913246496915871 0.9116
30122012 0.9166 0.9166 0.9166 0.916313565609338 0.915559113200578 0.9166 0.923437653315855 0.9166 0.916385851703886 0.916424044792459 0.9166 0.917696006001859 0.9166 0.9166 0.915228247701787 0.91634067047276 0.9166 0.911252561433928 0.9166 0.916477892467347 0.9166 0.9166 0.918495542960339 0.9166
30112012 0.925 0.925 0.925 0.924829943459163 0.924423854844601 0.925 0.931407242550043 0.925 0.924961449498046 0.925023140330641 0.925 0.926106050132795 0.925 0.925 0.923356428642257 0.924217095274219 0.925 0.919580538601613 0.925 0.924876773436936 0.925 0.925 0.926384422059949 0.925
30102012 0.9286 0.9286 0.9286 0.92828076418401 0.92794682899604 0.9286 0.935199720706729 0.9286 0.928538070622614 0.928538070622614 0.9286 0.929710354760339 0.9286 0.9286 0.927084515667813 0.927289336062924 0.9286 0.923492888100082 0.9286 0.928476293852475 0.928584546642097 0.9286 0.930686606489279 0.9286
30092012 0.9355 0.9355 0.9355 0.935147465958792 0.935214578120634 0.9355 0.941862952748794 0.9355 0.9355 0.935538989727191 0.9355 0.936617661923894 0.9355 0.9355 0.934168295222008 0.933640929594639 0.9355 0.930718171702989 0.9355 0.935390941018717 0.935492214709241 0.9355 0.937685524915848 0.9355
30082012 0.954 0.954 0.954 0.953640494414418 0.953708933754233 0.954 0.961428570468512 0.954 0.953960240887714 0.953960240887714 0.954 0.955139764270866 0.954 0.954 0.952908761929572 0.952366424373969 0.954 0.947813348789517 0.954 0.95389672270999 0.954023815765015 0.954 0.957406386418224 0.954
30072012 0.9781 0.9781 0.9781 0.977236780735562 0.978397535283103 0.9781 0.983952844204812 0.9781 0.9781 0.978091849608139 0.9781 0.979268557058002 0.9781 0.9781 0.976772122579006 0.975446047896429 0.9781 0.970853621956804 0.9781 0.977969699566127 0.9781 0.9781 0.981784614279608 0.9781
30062012 0.9554 0.9554 0.9554 0.954589275766598 0.955888477396689 0.9554 0.96023334890996 0.9554 0.95540796130178 0.9554 0.9554 0.956541436880907 0.9554 0.9554 0.954036473232135 0.952812076556306 0.9554 0.948196669056897 0.9554 0.955272723612594 0.9554 0.9554 0.959084816424275 0.9554
30052012 0.969 0.969 0.969 0.968177735208116 0.969495430811588 0.969 0.973931242029253 0.969 0.969008074629919 0.968830634528033 0.969 0.970157685092735 0.969 0.969 0.96719945418715 0.966377481111241 0.969 0.961513558887894 0.969 0.968870911849072 0.968983874322843 0.969 0.973067154823566 0.969
30042012 0.9092 0.9092 0.9092 0.908471101575214 0.909214509938489 0.9092 0.914086990997833 0.9092 0.909366518826806 0.909162210038583 0.9092 0.909843958802478 0.9092 0.9092 0.907176462503922 0.907515679598274 0.9092 0.902360834436881 0.9092 0.909094007027491 0.909192433579522 0.9092 0.911951283087437 0.9092
30032012 0.9031 0.9031 0.9031 0.902436598469648 0.902694892424802 0.9031 0.907805019439696 0.9031 0.903302946476005 0.902942561612569 0.9031 0.903739638357367 0.9031 0.9031 0.900941907938042 0.902323805804377 0.9031 0.896004713651122 0.9031 0.903002232997267 0.9030774487157 0.9031 0.906230512076049 0.9031
30022012 0.8967 0.8967 0.8967 0.896041299798177 0.896297763301207 0.8967 0.902580230971089 0.8967 0.897057893315457 0.896781853382898 0.8967 0.897335105431349 0.8967 0.8967 0.894547850356155 0.896184358329449 0.8967 0.889457538871245 0.8967 0.896625315447955 0.896685068562673 0.8967 0.899118820354812 0.8967
30012012 0.9136 0.9136 0.9136 0.913053200284244 0.91171078176446 0.9136 0.919241086196738 0.9136 0.913881216754593 0.913251941125351 0.9136 0.914247075189116 0.9136 0.9136 0.911330019145209 0.9136 0.9136 0.906653571791162 0.9136 0.913539119711568 0.913592392404056 0.9136 0.915843263019742 0.9136
30122011 0.9409 0.9409 0.9409 0.940336860931967 0.938954328548796 0.9409 0.946374573841877 0.9409 0.941548326505415 0.941024527703588 0.9409 0.941566410951663 0.9409 0.9409 0.938287485253618 0.940764530983098 0.9409 0.933578950793061 0.9409 0.940845134967434 0.940907834989743 0.9409 0.943793918716678 0.9409
30112011 0.9217 0.9217 0.9217 0.921295659239923 0.919666201471502 0.9217 0.927670494140988 0.9217 0.922213042265563 0.921829823923444 0.9217 0.919742578913583 0.9217 0.9217 0.919074682864214 0.920769859558288 0.9217 0.914466892134815 0.9217 0.921638579945439 0.921692324954923 0.9217 0.9246988024062 0.9217
30102011 0.8705 0.8705 0.8705 0.870409687988448 0.868815240868432 0.8705 0.876210041105608 0.8705 0.870861879772337 0.870543322468743 0.8705 0.868651312731121 0.8705 0.8705 0.867768947853251 0.868237937201796 0.8705 0.86355351880326 0.8705 0.870449240077746 0.870507248760306 0.8705 0.872815652540429 0.8705
30092011 0.9014 0.9014 0.9014 0.901767817538956 0.899940926712796 0.9014 0.906906082793737 0.9014 0.901729848665825 0.901910429476793 0.9014 0.899602278134656 0.9014 0.9014 0.898627354071538 0.897895199874548 0.9014 0.894070658177636 0.9014 0.901339932692653 0.901415009949511 0.9014 0.903880173898126 0.9014
30082011 0.8095 0.8095 0.8095 0.809629675650384 0.808673898053887 0.8095 0.813402485317101 0.8095 0.80933792163645 0.809176264129917 0.8095 0.806285271118414 0.8095 0.8095 0.80706978658843 0.806082469911496 0.8095 0.804208299741599 0.8095 0.809432578181242 0.809479779939652 0.8095 0.811936733425439 0.8095
30072011 0.8011 0.8011 0.8011 0.801475117745308 0.801799380120538 0.8011 0.804486336737886 0.8011 0.801260044027766 0.801073366357679 0.8011 0.797918629639236 0.8011 0.8011 0.798752557605645 0.797124031276382 0.8011 0.79719738287299 0.8011 0.801053286876832 0.801113341105003 0.8011 0.803328577956921 0.8011
30062011 0.8344 0.8344 0.8344 0.834790710581307 0.835128451844435 0.8344 0.838211674006158 0.8344 0.834594443922944 0.834413869335085 0.8344 0.831086386931692 0.8344 0.8344 0.831957127191996 0.829892308188885 0.8344 0.830999840151294 0.8344 0.834337450488696 0.8344 0.8344 0.836723639408782 0.8344
30052011 0.8528 0.8528 0.8528 0.853056304996774 0.853936206868307 0.8528 0.857577095567103 0.8528 0.852984553510176 0.852828359077906 0.8528 0.848705775233509 0.8528 0.8528 0.850546707949568 0.848805364391097 0.8528 0.849416865718706 0.8528 0.852736071161026 0.852807099951302 0.8528 0.856234255190532 0.8528
30042011 0.8664 0.8664 0.8664 0.867122823464933 0.868513055765925 0.8664 0.871379032575632 0.8664 0.866558680061092 0.866356789106223 0.8664 0.862437246395047 0.8664 0.8664 0.864483497955367 0.86321528263513 0.8664 0.863129137450661 0.8664 0.866327839081196 0.866428845866106 0.8664 0.870571455061894 0.8664
30032011 0.9148 0.9148 0.9148 0.915186627990294 0.916027925911561 0.9148 0.920443166804557 0.9148 0.915013179890591 0.914838020507252 0.9148 0.910615873732905 0.9148 0.9148 0.913237868388216 0.912770239294061 0.9148 0.911717322832573 0.9148 0.914693354189121 0.914815223957647 0.9148 0.91914930676917 0.9148
30022011 0.9283 0.9283 0.9283 0.928692333584817 0.929546046812092 0.9283 0.933325444956109 0.9283 0.928477736880091 0.928276849507915 0.9283 0.924054127225903 0.9283 0.9283 0.9270564368853 0.926646734469325 0.9283 0.92501383193403 0.9283 0.928176333817846 0.928307723122367 0.9283 0.93219873093959 0.9283
30012011 0.9431 0.9431 0.9431 0.943513751831187 0.943160024186045 0.9431 0.948123812921677 0.9431 0.943304095233873 0.943147047967273 0.9431 0.938786434758967 0.9431 0.9431 0.941971870704982 0.942257568382495 0.9431 0.940496190738141 0.9431 0.942966517050319 0.94310784546979 0.9431 0.947658877283328 0.9431
30122010 0.9396 0.9396 0.9396 0.939787151271412 0.938913930899934 0.9396 0.944438658319554 0.9396 0.939756456633158 0.939537512050708 0.9396 0.935302443112634 0.9396 0.9396 0.938756923267277 0.939180066794404 0.9396 0.937065413806374 0.9396 0.939459197244967 0.93960781557376 0.9396 0.943767715295332 0.9396
30112010 0.9978 0.9978 0.9978 0.997998743655401 0.997071434921194 0.9978 1.00270918732628 0.9978 0.998032521747739 0.997783418225273 0.9978 0.99242398880965 0.9978 0.9978 0.996829693215718 0.997205185672422 0.9978 0.995153545306919 0.9978 0.997642177378677 0.9978 0.9978 1.00216391312587 0.9978
30102010 0.9892 0.9892 0.9892 0.989430387530397 0.988440536121835 0.9892 0.994626770352825 0.9892 0.989446960612816 0.9892 0.9892 0.983870324444283 0.9892 0.9892 0.988237191985483 0.988461955079696 0.9892 0.986803929425975 0.9892 0.989043537645808 0.9892 0.9892 0.993535404095482 0.9892
30092010 0.973 0.973 0.973 0.973226614503716 0.972252973763188 0.973 0.97816013262845 0.973 0.973242916170916 0.973097071892592 0.973 0.967757607849057 0.973 0.973 0.972052108125119 0.971836119541828 0.973 0.970762659769927 0.973 0.972846100009474 0.973 0.973 0.977964511639183 0.973
30082010 1.0212 1.0212 1.0212 1.02145419627964 1.0206933101349 1.0212 1.02657361365107 1.0212 1.02135305377164 1.02128499305743 1.0212 1.01673682169598 1.0212 1.0212 1.02015738299465 1.02017590048278 1.0212 1.01954879913163 1.0212 1.02103847618672 1.02119150574975 1.0212 1.02756036996858 1.0212
30072010 1.0394 1.0394 1.0394 1.03982291049513 1.04024599306384 1.0394 1.04581883271226 1.0394 1.03946926793876 1.0394173113597 1.0394 1.03485727817352 1.0394 1.0394 1.03849544699202 1.0377951228853 1.0394 1.03781669007924 1.0394 1.0392442418225 1.0394 1.0394 1.04625677993095 1.0394
30062010 1.0812 1.0812 1.0812 1.08163991805593 1.08208001510547 1.0812 1.08741787173491 1.0812 1.0812540451392 1.08111000273943 1.0812 1.07647459030327 1.0812 1.0812 1.07940131136599 1.07966222957802 1.0812 1.07966081559136 1.0812 1.08103797792812 1.08121798597659 1.0812 1.0881493805537 1.0812
30052010 1.1492 1.1492 1.1492 1.15026243968582 1.15049790590041 1.1492 1.15421334511088 1.1492 1.14935311441517 1.14925738683349 1.1492 1.15043528833699 1.1492 1.1492 1.14708547119243 1.1475814718336 1.1492 1.14763664635433 1.1492 1.14900867387337 1.1492 1.1492 1.15403940961872 1.1492
30042010 1.0775 1.0775 1.0775 1.0787478485363 1.07883024215933 1.0775 1.08262804093199 1.0775 1.07758975053843 1.07744619628832 1.0775 1.07865821717987 1.0775 1.0775 1.07544818164856 1.07612586836407 1.0775 1.07620667834882 1.0775 1.07732061094549 1.07746414846315 1.0775 1.08098335515836 1.0775
30032010 1.0602 1.0602 1.0602 1.06142781347395 1.06150888421097 1.0602 1.06543158885785 1.0602 1.06034125644184 1.06022646695395 1.0602 1.0613396212103 1.0602 1.0602 1.05832701973634 1.05946632966556 1.0602 1.05833702413192 1.0602 1.06005876237604 1.06017353370676 1.0602 1.0616576125976 1.0602
30022010 1.0773 1.0773 1.0773 1.07821912453915 1.07830354236174 1.0773 1.08222456840281 1.0773 1.07741663801948 1.0773 1.0773 1.08382877603083 1.0773 1.0773 1.07497482177586 1.0761805720449 1.0773 1.07558140591717 1.0773 1.07718337460741 1.07728206666938 1.0773 1.07813295134248 1.0773
30012010 1.0498 1.0498 1.0498 1.0500437965779 1.0498 1.0498 1.05535602913188 1.0498 1.04991366062643 1.04981747584135 1.0498 1.0555489964069 1.0498 1.0498 1.04745334776004 1.04959420495164 1.0498 1.04685364371703 1.0498 1.04970382562761 1.04980873832068 1.0498 1.04802400366397 1.0498
30122009 1.0305 1.0305 1.0305 1.0305246616651 1.03124159921993 1.0305 1.03679335214825 1.0305 1.0305944149086 1.0305 1.0305 1.0434995363463 1.0305 1.0305 1.02893650884592 1.02853703304063 1.0305 1.02620856927734 1.0305 1.03039701692673 1.0305 1.0305 1.0260354673051 1.0305
30112009 1.0026 1.0026 1.0026 1.00262399396936 1.00332152098777 1.0026 1.00882304923034 1.0026 1.0026918586971 1.0026 1.0026 1.01524758383387 1.0026 1.0026 1.00275837258881 1.00032267500039 1.0026 0.998188415341756 1.0026 1.00249980511474 1.0026 1.0026 0.996465412840597 1.0026
30102009 1.0229 1.0229 1.0229 1.02219203065849 1.02357183482046 1.0229 1.02931242640335 1.0229 1.02299371859292 1.0229 1.0229 1.03580366397732 1.0229 1.0229 1.02400336809902 1.0203092118896 1.0229 1.01738761769598 1.0229 1.02279777643314 1.02292553834266 1.0229 1.01756185426846 1.0229
30092009 1.029 1.029 1.029 1.02820140401809 1.03011300193123 1.029 1.03539649505054 1.029 1.02909427747787 1.029 1.029 1.04198061416821 1.029 1.029 1.0302791746382 1.02607754583303 1.029 1.0225874479019 1.029 1.02887147939908 1.02900856176495 1.029 1.01930644586182 1.029
30082009 1.0625 1.0625 1.0625 1.0617770362074 1.06308205158481 1.0625 1.06910491340137 1.0625 1.06259734676408 1.06250884491637 1.0625 1.06975271501224 1.0625 1.0625 1.06437663194255 1.05901891193571 1.0625 1.05565016521358 1.0625 1.06235845597486 1.0625 1.0625 1.05019277770142 1.0625
30072009 1.084 1.084 1.084 1.08313771880854 1.08450353624878 1.084 1.08902686969444 1.084 1.08409029195699 1.08399097617927 1.084 1.09139947583366 1.084 1.084 1.08529997729483 1.07937080709251 1.084 1.0762677985688 1.084 1.08385559178988 1.08404508420108 1.084 1.07085288903433 1.084
30062009 1.0803 1.0803 1.0803 1.07944066201925 1.08080181753649 1.0803 1.08401164239549 1.0803 1.08039897760869 1.0803 1.0803 1.08767421932021 1.0803 1.0803 1.08146046014739 1.07907989503233 1.0803 1.07253454030571 1.0803 1.08011116223411 1.08027304539821 1.0803 1.06741692339307 1.0803
30052009 1.0733 1.0733 1.0733 1.07243617039173 1.07257949078126 1.0733 1.07664203893497 1.0733 1.07339833626531 1.0733 1.0733 1.07973228348339 1.0733 1.0733 1.07396125639858 1.07608334425617 1.0733 1.06604813157431 1.0733 1.07313916177418 1.07327321203479 1.0733 1.06137409630592 1.0733
30042009 1.1355 1.1355 1.1355 1.13509655295487 1.13251321952081 1.1355 1.13867936629271 1.1355 1.1356040350594 1.1355 1.1355 1.14230504788539 1.1355 1.1355 1.13586423460852 1.14084047935922 1.1355 1.1269884175426 1.1355 1.13535817770423 1.13552834109167 1.1355 1.12263117503725 1.1355
30032009 1.1384 1.1384 1.1384 1.13799552257492 1.1354055914597 1.1384 1.14219839649479 1.1384 1.13850430075881 1.13832422285428 1.1384 1.14522242757615 1.1384 1.1384 1.13818148444251 1.14448253919787 1.1384 1.12959175068097 1.1384 1.13822940628317 1.13843787155525 1.1384 1.12651959121775 1.1384
30022009 1.1752 1.1752 1.1752 1.17533675454583 1.17196989487407 1.1752 1.17794235101674 1.1752 1.1753859114909 1.17520977528979 1.1752 1.17648932182901 1.1752 1.1752 1.1752 1.18321006124887 1.1752 1.1655021693109 1.1752 1.17498480302363 1.17513157524542 1.1752 1.16488712258668 1.1752
30012009 1.1618 1.1618 1.1618 1.16248125269409 1.15942392055692 1.1618 1.16412540114036 1.1618 1.16197412639237 1.16178067354792 1.1618 1.16310672000421 1.1618 1.1618 1.16172067729051 1.16959728973901 1.1618 1.15266699105737 1.1618 1.16165489287254 1.16180966672353 1.1618 1.15394981687706 1.1618
30122008 1.0637 1.0637 1.0637 1.06497903973674 1.06269456387208 1.0637 1.0651476605016 1.0637 1.06387712103096 1.06339095783133 1.0637 1.06489638325743 1.0637 1.0637 1.06276163415354 1.06712036021425 1.0637 1.05720557708023 1.0637 1.06355829611337 1.06390333623385 1.0637 1.0586952423035 1.0637
30112008 1.2098 1.2098 1.2098 1.21239081936489 1.2115923214485 1.2098 1.21193450176475 1.2098 1.21035309877762 1.20840677240834 1.2098 1.20382442768618 1.2098 1.2098 1.20613316706898 1.20819185665434 1.2098 1.20265502349212 1.2098 1.2094076433605 1.2103809283512 1.2098 1.20562778213989 1.2098
30102008 1.1533 1.1533 1.1533 1.15576982308937 1.15500861657014 1.1533 1.1543180602755 1.1533 1.15515756837263 1.15278302408835 1.1533 1.14760349847121 1.1533 1.1533 1.14866179040602 1.1485634215432 1.1533 1.14751423736705 1.1533 1.15237261461786 1.154096521718 1.1533 1.14892270669301 1.1533
30092008 1.1017 1.1017 1.1017 1.10434938299803 1.10381774810639 1.1017 1.10396448620758 1.1017 1.10396932161849 1.10175375851032 1.1017 1.09625836665718 1.1017 1.1017 1.09689493053683 1.09540355159276 1.1017 1.09687386670557 1.1017 1.10005435908827 1.10187118829883 1.1017 1.10032193451995 1.1017
30082008 1.0976 1.0976 1.0976 1.10037336713985 1.10088129967242 1.0976 1.09899576778598 1.0976 1.09980721013996 1.09758214428053 1.0976 1.09375454015806 1.0976 1.0976 1.0926816197839 1.09016949926755 1.0976 1.09203578990443 1.0976 1.09579021337277 1.09760896691734 1.0976 1.09743900128272 1.0976
30072008 1.0477 1.0477 1.0477 1.05034728202662 1.05083212250984 1.0477 1.04901491702125 1.0477 1.04982394262522 1.04753825939644 1.0477 1.04402936563739 1.0477 1.0477 1.04341464706062 1.04057324990917 1.0477 1.04253776441225 1.0477 1.04596394631778 1.047691440814 1.0477 1.04798407385953 1.0477
30062008 1.0177 1.0177 1.0177 1.0201326580822 1.02098194395233 1.0177 1.0198588442578 1.0177 1.01992057743578 1.01774132036866 1.0177 1.00859561799226 1.0177 1.0177 1.01426622936134 1.01264901589062 1.0177 1.01250654724426 1.0177 1.01602195713326 1.0176833694204 1.0177 1.01764452201549 1.0177
30052008 1.0488 1.0488 1.0488 1.05126182913185 1.05231844106172 1.0488 1.0514660460181 1.0488 1.05104576202838 1.04875741864678 1.0488 1.03941739623689 1.0488 1.0488 1.04537770541835 1.04383947020889 1.0488 1.04329390550684 1.0488 1.04708778846239 1.04905676322594 1.0488 1.04897949829284 1.0488
30042008 1.0386 1.0386 1.0386 1.04084595776147 1.04159906609484 1.0386 1.04064670165385 1.0386 1.04086618033291 1.03849888525363 1.0386 1.02930864581582 1.0386 1.0386 1.03526106613224 1.03451167100203 1.0386 1.03274891569512 1.0386 1.03665065153659 1.03887883604397 1.0386 1.03993962452391 1.0386
30032008 0.9939 0.9939 0.9939 0.996049294645797 0.996769990171056 0.9939 0.995082885540103 0.9939 0.996165630336927 0.994012912954647 0.9939 0.985008533676437 0.9939 0.9939 0.990675653544475 0.990912381866019 0.9939 0.98840625189509 0.9939 0.991768285978069 0.994198165081693 0.9939 0.995778110107446 0.9939
30022008 1.0463 1.0463 1.0463 1.04833703731163 1.04890174523623 1.0463 1.04736172818687 1.0463 1.0485659546649 1.04637649790288 1.0463 1.03693976132977 1.0463 1.0463 1.04260189116674 1.04401172310026 1.0463 1.04137432546719 1.0463 1.04374278093099 1.04710936566076 1.0463 1.04827712708061 1.0463
30012008 1.0796 1.0796 1.0796 1.08138221014215 1.08128042776669 1.0796 1.08119272365821 1.0796 1.08185897420767 1.07952983915163 1.0796 1.06994185829267 1.0796 1.0796 1.07599484574594 1.07812007413148 1.0796 1.07449575744912 1.0796 1.07612895390543 1.07985932616133 1.0796 1.08098539838748 1.0796
30122007 1.1255 1.1255 1.1255 1.1273579821369 1.12725187240775 1.1255 1.12740279938033 1.1255 1.12792831778289 1.12545431352482 1.1255 1.1323167230942 1.1255 1.1255 1.12150534866302 1.12349388007108 1.1255 1.11985857062186 1.1255 1.12161196211183 1.12572469475756 1.1255 1.12747582210295 1.1255
30112007 1.1206 1.1206 1.1206 1.12177836335642 1.1217042756678 1.1206 1.12132923439225 1.1206 1.12306333337416 1.1206090959638 1.1206 1.11189754934753 1.1206 1.1206 1.11739361579678 1.11858938142189 1.1206 1.1148879902546 1.1206 1.11650598995983 1.12084101529576 1.1206 1.1222536097586 1.1206
30102007 1.1598 1.1598 1.1598 1.16101958399141 1.16094290462209 1.1598 1.16066287088217 1.1598 1.16234006910955 1.15978117284195 1.1598 1.15079312665827 1.1598 1.1598 1.15713278876168 1.15690887981806 1.1598 1.15353274136738 1.1598 1.15531429478757 1.15996593465668 1.1598 1.16142480347427 1.1598
30092007 1.17 1.17 1.17 1.17072953056352 1.17168233287117 1.17 1.17032685707247 1.17 1.17258144269212 1.16994304490529 1.17 1.16091391463199 1.17 1.17 1.16812566089904 1.16592575578961 1.17 1.16371239497264 1.17 1.16530812200233 1.17007430222946 1.17 1.17163909300302 1.17
30082007 1.2058 1.2058 1.2058 1.20623746016723 1.20749712450666 1.2058 1.20675309466411 1.2058 1.20851926062145 1.20592723179195 1.2058 1.19929692755766 1.2058 1.2058 1.20344973339831 1.19991558890154 1.2058 1.19982008637233 1.2058 1.20088829472887 1.20602939228003 1.2058 1.20715041406027 1.2058
30072007 1.2057 1.2057 1.2057 1.20642299310824 1.20802781563294 1.2057 1.20813069010721 1.2057 1.20829154041582 1.20570979244755 1.2057 1.19919746687367 1.2057 1.2057 1.20301004663618 1.19930497287972 1.2057 1.19972092178599 1.2057 1.20056030659193 1.20569045417298 1.2057 1.20705030206706 1.2057
30062007 1.2266 1.2266 1.2266 1.22724428288739 1.2287405307281 1.2266 1.22891023186455 1.2266 1.2292264795042 1.22682941934659 1.2266 1.21736157247751 1.2266 1.2266 1.22385883110413 1.22008320319426 1.2266 1.22040391488017 1.2266 1.22138088343394 1.2266 1.2266 1.22825905775689 1.2266
30052007 1.2266 1.2266 1.2266 1.22710022215029 1.2285488207799 1.2266 1.22850139919096 1.2266 1.22899661190298 1.2267198964019 1.2266 1.21736157247751 1.2266 1.2266 1.2240148261418 1.22178284039119 1.2266 1.22020813743975 1.2266 1.22138088343394 1.2266 1.2266 1.22851160528707 1.2266
30042007 1.2068 1.2068 1.2068 1.20725526814913 1.20814879870296 1.2068 1.20899800003621 1.2068 1.20903974541764 1.20684918988419 1.2068 1.19771070085265 1.2068 1.2068 1.20398228517627 1.20425772985689 1.2068 1.20089738702513 1.2068 1.20166513136155 1.20680955461164 1.2068 1.2090878704033 1.2068
30032007 1.2212 1.2212 1.2212 1.22137445303164 1.22096776644883 1.2212 1.22485105749815 1.2212 1.22341660373133 1.22127969459079 1.2212 1.21200224385255 1.2212 1.2212 1.21876270672185 1.22154414549326 1.2212 1.21570127204794 1.2212 1.21599423273623 1.2212 1.2212 1.22463527166101 1.2212
30022007 1.2227 1.2227 1.2227 1.22280699799307 1.22180789906959 1.2227 1.22643800485875 1.2227 1.22483939429085 1.22272993768615 1.2227 1.21841629753981 1.2227 1.2227 1.22068740410625 1.22391102574841 1.2227 1.21728183170239 1.2227 1.21748783849212 1.22269031957975 1.2227 1.2253008157063 1.2227
30012007 1.2535 1.2535 1.2535 1.25414543227928 1.25263121294653 1.2535 1.25703527080788 1.2535 1.25566254118959 1.25357165050805 1.2535 1.24910839041968 1.2535 1.2535 1.25088549487596 1.2545672649206 1.2535 1.24814484575747 1.2535 1.24816642539088 1.25349007478551 1.2535 1.25660999448683 1.2535
30122006 1.2203 1.2203 1.2203 1.22092833746342 1.21945422350112 1.2203 1.22174733833197 1.2203 1.22233539534231 1.22045962069965 1.2203 1.21602470588683 1.2203 1.2203 1.21837116891242 1.22134076979777 1.2203 1.21525426440736 1.2203 1.21511731089304 1.22030966241335 1.2203 1.22407012303981 1.2203
30112006 1.2072 1.2072 1.2072 1.2076970350028 1.20626830416358 1.2072 1.20960662947303 1.2072 1.20905539538565 1.20728892927437 1.2072 1.20297060144766 1.2072 1.2072 1.20590484221935 1.20685641090501 1.2072 1.20245966631162 1.2072 1.20206342938322 1.2072 1.2072 1.21199551699451 1.2072
30102006 1.2512 1.2512 1.2512 1.25146701141974 1.25074629841414 1.2512 1.25280906668091 1.2512 1.25303071536965 1.25125124025935 1.2512 1.24681644841891 1.2512 1.2512 1.24905562325135 1.24799310379131 1.2512 1.24671382078534 1.2512 1.24587621176631 1.2512 1.2512 1.25686983472119 1.2512
30092006 1.2537 1.2537 1.2537 1.25452766398165 1.2542967446467 1.2537 1.25570706951586 1.2537 1.25548295762993 1.25383361345313 1.2537 1.2493076897241 1.2537 1.2537 1.2498410588897 1.24834888280681 1.2537 1.24888836851465 1.2537 1.24836557440171 1.2537 1.2537 1.25852823214486 1.2537
30082006 1.2252 1.2252 1.2252 1.22667348356969 1.22601520945493 1.2252 1.22605918073244 1.2252 1.2268116783469 1.22532067964951 1.2252 1.21676726531488 1.2252 1.2252 1.22106426110213 1.21996158416264 1.2252 1.22034076853521 1.2252 1.21998684035812 1.22519029886495 1.2252 1.23005333408179 1.2252
30072006 1.2333 1.2333 1.2333 1.23475603476282 1.23441651011262 1.2333 1.23476653667678 1.2333 1.23480070811995 1.23333039069549 1.2333 1.22481151511006 1.2333 1.2333 1.22903191586126 1.22711581928614 1.2333 1.22841425327295 1.2333 1.22806209909398 1.23305558943935 1.2333 1.23787357102393 1.2333
30062006 1.2329 1.2329 1.2329 1.23449334882428 1.23502596028396 1.2329 1.23624970975772 1.2329 1.23436980433328 1.23300133730873 1.2329 1.22441426820659 1.2329 1.2329 1.2287166338132 1.22795828502162 1.2329 1.22815867368494 1.2329 1.22790713974331 1.23285106005362 1.2329 1.23727958081202 1.2329
30052006 1.2105 1.2105 1.2105 1.21187063880984 1.21243272695869 1.2105 1.21508679260849 1.2105 1.2118434935414 1.21057966698888 1.2105 1.20611117829157 1.2105 1.2105 1.20699603172059 1.20824788421905 1.2105 1.20568060129535 1.2105 1.20564571084087 1.21035571591297 1.2105 1.21517468465386 1.2105
30042006 1.2522 1.2522 1.2522 1.25330094993537 1.2531889294728 1.2522 1.25702241132362 1.2522 1.25350727754003 1.25229279107426 1.2522 1.24765998963792 1.2522 1.2522 1.24882192079067 1.25111818338908 1.2522 1.24742905521359 1.2522 1.24732716115292 1.25200066534358 1.2522 1.25593432906438 1.2522
30032006 1.3057 1.3057 1.3057 1.30721321380699 1.30801370618783 1.3057 1.30975922714659 1.3057 1.30696628132787 1.3057968416692 1.3057 1.30096601858348 1.3057 1.3057 1.30186720203124 1.3032369257288 1.3057 1.30071857698236 1.3057 1.30082604538428 1.30559592117376 1.3057 1.30921564148679 1.3057
30022006 1.3185 1.3185 1.3185 1.31990542713168 1.3204197017881 1.3185 1.32205952546329 1.3185 1.31968081629603 1.31866318274244 1.3185 1.31528772904568 1.3185 1.3185 1.31412919143257 1.3152370404133 1.3185 1.31339518445003 1.3185 1.31368298033378 1.31828950806998 1.3185 1.3218672736845 1.3185
30012006 1.2841 1.2841 1.2841 1.28517695145413 1.28520502700684 1.2841 1.28993772159067 1.2841 1.28509096059044 1.28412120674144 1.2841 1.27998464461453 1.2841 1.2841 1.2804870282303 1.28165424851006 1.2841 1.27988729798661 1.2841 1.27961294140639 1.28396653526323 1.2841 1.28709262134614 1.2841
30122005 1.3143 1.3143 1.3143 1.31540227964813 1.31543101549342 1.3143 1.32107415660623 1.3143 1.31529254453322 1.3143 1.3143 1.31008785796813 1.3143 1.3143 1.31051997863358 1.31064935125882 1.3143 1.31017304688827 1.3143 1.30984355331787 1.31413164026683 1.3143 1.31727880159973 1.3143
30112005 1.3153 1.3153 1.3153 1.31633866335849 1.31617883472388 1.3153 1.32190734321207 1.3153 1.31629329972194 1.31545218223765 1.3153 1.31108465311229 1.3153 1.3153 1.31066389402702 1.31013384957906 1.3153 1.310956523782 1.3153 1.31100810062619 1.31506791110983 1.3153 1.31740490137003 1.3153
30102005 1.284 1.284 1.284 1.28542249735153 1.28524378441788 1.284 1.29052228499162 1.284 1.28482100654393 1.28406372999319 1.284 1.27988496510011 1.284 1.284 1.27917265152374 1.27818587807124 1.284 1.279922660463 1.284 1.28003610078464 1.28383491896979 1.284 1.28610407534197 1.284
30092005 1.2902 1.2902 1.2902 1.29168386466386 1.29131571706134 1.2902 1.29607943403018 1.2902 1.29096089541581 1.29025339369995 1.2902 1.2860650949939 1.2902 1.2902 1.28627143256818 1.28506066012188 1.2902 1.2861332396638 1.2902 1.2863823477847 1.2900754212192 1.2902 1.29353057402878 1.2902
30082005 1.2702 1.2702 1.2702 1.2712134283776 1.27089382018752 1.2702 1.27767719037729 1.2702 1.27089650557315 1.2702 1.2702 1.26933204614434 1.2702 1.2702 1.26688883971605 1.26492293855504 1.2702 1.26633572380798 1.2702 1.26656382354137 1.26995428947355 1.2702 1.27335890013578 1.2702
30072005 1.2905 1.2905 1.2905 1.29177221382955 1.29137242378072 1.2905 1.295478812337 1.2905 1.29120763694075 1.29053205613884 1.2905 1.28961817473568 1.2905 1.2905 1.28780449943742 1.28569705160534 1.2905 1.2866981013276 1.2905 1.28705468206867 1.29027065367687 1.2905 1.29466111268325 1.2905
30062005 1.2849 1.2849 1.2849 1.28563116844069 1.28594952996945 1.2849 1.28730242480757 1.2849 1.28557263247608 1.28487872136054 1.2849 1.28402200133117 1.2849 1.2849 1.28192227978396 1.28107806898621 1.2849 1.28154959608016 1.2849 1.28169741462956 1.2848584262205 1.2849 1.2877521908559 1.2849
30052005 1.248 1.248 1.248 1.24911013054795 1.2491371871279 1.248 1.25016989898107 1.248 1.24867399440724 1.24798966771948 1.248 1.24334089016922 1.248 1.248 1.2444475630663 1.2441042369344 1.248 1.24378975859865 1.248 1.24492966759217 1.24778776276348 1.248 1.25116622402545 1.248
30042005 1.1865 1.1865 1.1865 1.18788928895098 1.1879796460186 1.1865 1.18844999540485 1.1865 1.18715060924464 1.18648035677325 1.1865 1.18207048572578 1.1865 1.1865 1.18337349413641 1.18295176137841 1.1865 1.18181060787665 1.1865 1.18378228628141 1.18634598406773 1.1865 1.19026270422238 1.1865
30032005 1.1952 1.1952 1.1952 1.19663049877723 1.1969157421372 1.1952 1.19660083367575 1.1952 1.19587517826927 1.19521978758812 1.1952 1.19073800635437 1.1952 1.1952 1.19220871742457 1.19268337846232 1.1952 1.19013798070119 1.1952 1.19261716865454 1.19507376475457 1.1952 1.19860117472144 1.1952
30022005 1.1617 1.1617 1.1617 1.16306531596939 1.16291924260235 1.1617 1.16333889875798 1.1617 1.16233701033249 1.16169038315872 1.1617 1.15745421858411 1.1617 1.1617 1.15886378976967 1.16047244675111 1.1617 1.15644005674047 1.1617 1.15931200707975 1.16149201157429 1.1617 1.165431511981 1.1617
30012005 1.1748 1.1748 1.1748 1.17597248326959 1.17632221275501 1.1748 1.17601146559958 1.1748 1.17545392432851 1.17483890774861 1.1748 1.17050634070122 1.1748 1.1748 1.17165314556273 1.17426781395093 1.1748 1.16947602255934 1.1748 1.17259501774041 1.17468507702284 1.1748 1.17898946348459 1.1748
30122004 1.1316 1.1316 1.1316 1.13284377557334 1.13196362478816 1.1316 1.13294255947359 1.1316 1.13219238143819 1.13157189165 1.1316 1.12746422807074 1.1316 1.1316 1.12831691583486 1.12972152718204 1.1316 1.12685072044263 1.1316 1.12958659987237 1.13138747638363 1.1316 1.13514082988999 1.1316
30112004 1.1365 1.1365 1.1365 1.13792275696533 1.13748630947971 1.1365 1.13685347887619 1.1365 1.13712319208304 1.13650940924201 1.1365 1.13259415445725 1.1365 1.1365 1.13346688035618 1.13357768690032 1.1365 1.13233157295244 1.1365 1.13469098567222 1.13634192350464 1.1365 1.14130591264633 1.1365
30102004 1.1997 1.1997 1.1997 1.20098846040242 1.2010133896548 1.1997 1.20031176794574 1.1997 1.20034790952754 1.19972980361978 1.1997 1.19557695301571 1.1997 1.1997 1.19713208714637 1.19696528789032 1.1997 1.19573895630321 1.1997 1.19795701219274 1.19955253153344 1.1997 1.2042412529641 1.1997
30092004 1.2595 1.2595 1.2595 1.2604012577334 1.26070694010722 1.2595 1.26156299439717 1.2595 1.26014889976766 1.25958348523951 1.2595 1.25517143646186 1.2595 1.2595 1.25679664739195 1.25584779279137 1.2595 1.25625496793742 1.2595 1.25782474480543 1.25931391736313 1.2595 1.26482766251726 1.2595
30082004 1.273 1.273 1.273 1.27405672392541 1.27465621243219 1.273 1.27618678063636 1.273 1.27357143706849 1.27309500827817 1.273 1.2705126919117 1.273 1.273 1.26987201055713 1.26813172311762 1.273 1.26921635674475 1.273 1.2714946432817 1.27282206413255 1.273 1.27803730010358 1.273
30072004 1.2782 1.2782 1.2782 1.27911813284692 1.27909528157185 1.2782 1.28254895994485 1.2782 1.27867833922514 1.27823181699402 1.2782 1.27570253165871 1.2782 1.2782 1.27476671515847 1.2719377111848 1.2782 1.27360973111954 1.2782 1.27686697052214 1.27795780787179 1.2782 1.28406421999887 1.2782
30062004 1.2538 1.2538 1.2538 1.25495606440864 1.25615404463866 1.2538 1.25818359965621 1.2538 1.25423798751207 1.25405003501728 1.2538 1.25135020669198 1.2538 1.2538 1.25071349992817 1.24860802137587 1.2538 1.24877750742395 1.2538 1.25272978323653 1.2537689703387 1.2538 1.26020536680069 1.2538
30052004 1.2488 1.2488 1.2488 1.24977415561733 1.25084708532313 1.2488 1.25301495498292 1.2488 1.24898716563849 1.24878961259331 1.2488 1.24659511576337 1.2488 1.2488 1.24641376260029 1.24540367969154 1.2488 1.24420411511373 1.2488 1.24776493143163 1.2488 1.2488 1.25372140969144 1.2488
30042004 1.2968 1.2968 1.2968 1.29738684828007 1.29813647296271 1.2968 1.30213790787086 1.2968 1.29700514807811 1.29683236376819 1.2968 1.29429346053 1.2968 1.2968 1.29494036205865 1.29415073380624 1.2968 1.29202035084309 1.2968 1.29572514660517 1.2968 1.2968 1.30041114407163 1.2968
30032004 1.2759 1.2759 1.2759 1.27579996157365 1.27652161304703 1.2759 1.28395193660122 1.2759 1.27606999537271 1.27588938505887 1.2759 1.27343385741072 1.2759 1.2759 1.27414662809795 1.27397858266772 1.2759 1.27153829525742 1.2759 1.27484246958169 1.27591052675003 1.2759 1.27873214736358 1.2759
30022004 1.2735 1.2735 1.2735 1.27360016911896 1.27396112628719 1.2735 1.28266593156265 1.2735 1.27368027208108 1.2735 1.2735 1.27479300843625 1.2735 1.2735 1.27147340542929 1.27209861953203 1.2735 1.26941855646613 1.2735 1.27243396066937 1.27348949313774 1.2735 1.27598750824436 1.2735
30012004 1.262 1.262 1.262 1.26261510334854 1.26194067179051 1.262 1.26969652077753 1.262 1.26217864418243 1.26198950174901 1.262 1.26328133227056 1.262 1.262 1.26007014844819 1.26147754062058 1.262 1.25742552707518 1.262 1.26095399060436 1.26197917302719 1.262 1.26441888873212 1.262
30122003 1.2369 1.2369 1.2369 1.23750286951807 1.23684185177313 1.2369 1.24531449003246 1.2369 1.23708538210942 1.23687942426529 1.2369 1.23815584776977 1.2369 1.2369 1.2350982064093 1.23570550133641 1.2369 1.23179937700769 1.2369 1.23589519091448 1.23692041308068 1.2369 1.23854362444149 1.2369
30112003 1.29 1.29 1.29 1.29054750064447 1.28989891787092 1.29 1.30005837067238 1.29 1.29021480316813 1.29002145940603 1.29 1.29309038922778 1.29 1.29 1.28785529089516 1.28857929012542 1.29 1.28360331903948 1.29 1.28893078278892 1.29001064308139 1.29 1.29068945479274 1.29
30102003 1.3324 1.3324 1.3324 1.33232664005241 1.33108361225569 1.3324 1.34249219724703 1.3324 1.33259969530487 1.3324221691639 1.3324 1.3355919648117 1.3324 1.3324 1.32990709890909 1.33130111122106 1.3324 1.32452913150223 1.3324 1.33128465582715 1.3324 1.3324 1.33175699974326 1.3324
30092003 1.3155 1.3155 1.3155 1.31608125431081 1.31465322801139 1.3155 1.32391653653363 1.3155 1.31567527150467 1.31548905560385 1.3155 1.31865147831717 1.3155 1.3155 1.31321519099281 1.31386549273921 1.3155 1.30699681653924 1.3155 1.31439880271736 1.31552170380215 1.3155 1.31441403786892 1.3155
30082003 1.409 1.409 1.409 1.40963461851398 1.4087115773375 1.409 1.41924557481576 1.409 1.40919945297389 1.40897655905563 1.409 1.40607474172962 1.409 1.409 1.40654460838159 1.40606637969304 1.409 1.39986818317974 1.409 1.40779730784836 1.40897675396982 1.409 1.40736402617265 1.409
30072003 1.369 1.369 1.369 1.36930315893768 1.36839548932653 1.369 1.38019810297497 1.369 1.36921656980177 1.36898861391696 1.369 1.36615778667697 1.369 1.369 1.36661231701762 1.36538150786404 1.369 1.3600187423243 1.369 1.36785401818325 1.36923695378428 1.369 1.36781781068464 1.369
30062003 1.3581 1.3581 1.3581 1.35871893495496 1.35948811955191 1.3581 1.36959319853068 1.3581 1.35832614277724 1.35812259226304 1.3581 1.36203397768009 1.3581 1.3581 1.35582314245491 1.35545518006371 1.3581 1.34947634781026 1.3581 1.35672831277335 1.35814471626418 1.3581 1.35721847021771 1.3581
30052003 1.291 1.291 1.291 1.29144601894488 1.29219733698556 1.291 1.30261326505458 1.291 1.29119349042223 1.29096778821539 1.291 1.29473961062145 1.291 1.291 1.28865738584413 1.28812947496045 1.291 1.28292211513046 1.291 1.28965362145524 1.291 1.291 1.29055423470968 1.291
30042003 1.3601 1.3601 1.3601 1.36085806665058 1.36129516965013 1.3601 1.3709325565752 1.3601 1.36033778871505 1.3601 1.3601 1.36403977103504 1.3601 1.3601 1.35667810636348 1.35613376942973 1.3601 1.35226267989099 1.3601 1.35868155735187 1.36008880636014 1.3601 1.36061583227589 1.3601
30032003 1.3537 1.3537 1.3537 1.35475995720187 1.35519710621459 1.3537 1.36313116219658 1.3537 1.35393666979161 1.35339649854148 1.3537 1.3559773650095 1.3537 1.3537 1.35037056040715 1.3506799895756 1.3537 1.34623942475596 1.3537 1.35229936132583 1.35371114105947 1.3537 1.35565841825291 1.3537
30022003 1.3555 1.3555 1.3555 1.3565613666153 1.35699909690026 1.3555 1.36421892371784 1.3555 1.35604101080529 1.35544380578368 1.3555 1.36046337343555 1.3555 1.3555 1.35262375810477 1.35359806680369 1.3555 1.34839711119471 1.3555 1.35408635467279 1.35547768742637 1.3555 1.35771981116918 1.3555
30012003 1.3573 1.3573 1.3573 1.35831056642225 1.3571502738043 1.3573 1.3634516221509 1.3573 1.35789802285596 1.35728874940422 1.3573 1.36124812735876 1.3573 1.3573 1.35469997133652 1.35615411327752 1.3573 1.35024499876346 1.3573 1.35590679673008 1.3573 1.3573 1.35965480063544 1.3573
30122002 1.3868 1.3868 1.3868 1.38783253040181 1.38664701960643 1.3868 1.39250826873977 1.3868 1.3874225207593 1.38666215395226 1.3868 1.39083393724388 1.3868 1.3868 1.38424937010633 1.38485086718795 1.3868 1.37885837285798 1.3868 1.38537651639672 1.38691409954599 1.3868 1.38814652023802 1.3868
30112002 1.486 1.486 1.486 1.48712940165312 1.48564908960689 1.486 1.4926251040025 1.486 1.48681483804259 1.48601230280126 1.486 1.48997430044509 1.486 1.486 1.48347913315748 1.48391144263144 1.486 1.47731371651621 1.486 1.48435256663656 1.48650007659805 1.486 1.48744283896287 1.486
30102002 1.4837 1.4837 1.4837 1.48522680998924 1.48405028454356 1.4837 1.49185306998277 1.4837 1.48450128645996 1.48365087330035 1.4837 1.48766814910524 1.4837 1.4837 1.48181350463841 1.48056118174754 1.4837 1.47628742094162 1.4837 1.48155653524004 1.4837 1.4837 1.48549574401598 1.4837
30092002 1.4832 1.4832 1.4832 1.48377716062084 1.4838825428495 1.4832 1.49014932048341 1.4832 1.48405015472375 1.48321227596083 1.4832 1.48720887245249 1.4832 1.4832 1.48099350249301 1.47921310112556 1.4832 1.47370284602979 1.4832 1.48105725757769 1.48318785203264 1.4832 1.48372424934273 1.4832
30082002 1.4907 1.4907 1.4907 1.49128007911104 1.49138599421908 1.4907 1.49771130571015 1.4907 1.49154210863956 1.49066299018059 1.4907 1.50096220674636 1.4907 1.4907 1.48890145914906 1.48646615983492 1.4907 1.48123365921203 1.4907 1.48855861436929 1.4906877894047 1.4907 1.49095276820868 1.4907
30072002 1.487 1.487 1.487 1.48739895242026 1.48937938737296 1.487 1.49221449169939 1.487 1.4878769582106 1.4864476421955 1.487 1.49723673538058 1.487 1.487 1.4856290418141 1.48256013177347 1.487 1.47792401648489 1.487 1.4848760922977 1.48702435967801 1.487 1.48721193339074 1.487
30062002 1.4752 1.4752 1.4752 1.47559578655707 1.47756050588607 1.4752 1.47884469311296 1.4752 1.47661850067612 1.47522430733496 1.4752 1.48535550237622 1.4752 1.4752 1.47373347700446 1.47184722215815 1.4752 1.46588813784488 1.4752 1.47306881498019 1.4752 1.4752 1.47321929952949 1.4752
30052002 1.5601 1.5601 1.5601 1.56152111211779 1.56294351874211 1.5601 1.56444503669301 1.5601 1.56157440699068 1.55965094099766 1.5601 1.56121455167941 1.5601 1.5601 1.55799103582718 1.5569996945597 1.5601 1.55118236849393 1.5601 1.55784616204622 1.5601 1.5601 1.5574577681238 1.5601
30042002 1.622 1.622 1.622 1.6234774975034 1.6249563408754 1.622 1.62619370200518 1.622 1.6240003590282 1.62190680723736 1.622 1.62315877368374 1.622 1.622 1.62002792876615 1.62130787247212 1.622 1.61116866307364 1.622 1.61965673664443 1.62197342921958 1.622 1.61808689722583 1.622
30032002 1.6829 1.6829 1.6829 1.68381221682403 1.68343530774749 1.6829 1.68922131357066 1.6829 1.68507228159662 1.6827344009649 1.6829 1.68410228127766 1.6829 1.6829 1.68132971992902 1.68241896515618 1.6829 1.67032248363566 1.6829 1.6804962849548 1.68291378505344 1.6829 1.67704408290409 1.6829
30022002 1.7053 1.7053 1.7053 1.70622435875573 1.70584243288478 1.7053 1.71227548640435 1.7053 1.70766923179261 1.70536989879919 1.7053 1.70258208787156 1.7053 1.7053 1.7037019367737 1.70603298986406 1.7053 1.69236116789506 1.7053 1.70285034217747 1.705286031577 1.7053 1.69780366638685 1.7053
30012002 1.6982 1.6982 1.6982 1.69893046257513 1.69717697065067 1.6982 1.70512855276959 1.6982 1.70048966589135 1.69799129640211 1.6982 1.69549340387233 1.6982 1.6982 1.69598827738413 1.70014636848456 1.6982 1.6842968488362 1.6982 1.69577443170138 1.69832514831865 1.6982 1.68978850639318 1.6982
30122001 1.6773 1.6773 1.6773 1.67775435406015 1.67551909639538 1.6773 1.68389672237605 1.6773 1.67976792498477 1.67705304157935 1.6773 1.67462671435347 1.6773 1.6773 1.67475719072921 1.67777998294479 1.6773 1.66344325346049 1.6773 1.6747808610787 1.67767019701458 1.6773 1.66874046130745 1.6773
30112001 1.6545 1.6545 1.6545 1.65489521800274 1.65337149785352 1.6545 1.66020865014889 1.6545 1.65717837360113 1.65441889109261 1.6545 1.64872085635832 1.6545 1.6545 1.65163496247142 1.65331542029456 1.6545 1.64096046702865 1.6545 1.65165056850004 1.65503924193144 1.6545 1.64557287099331 1.6545
30102001 1.624 1.624 1.624 1.62485619397325 1.624 1.624 1.62831729843539 1.624 1.6267087454199 1.62378793414338 1.624 1.61832739240007 1.624 1.624 1.62048845280067 1.62074498687663 1.624 1.61012661138103 1.624 1.62067487905232 1.6247638840316 1.624 1.61590913395567 1.624
30092001 1.6117 1.6117 1.6117 1.61310605067577 1.61293466648099 1.6117 1.61518036773311 1.6117 1.61459906793577 1.61049658654468 1.6117 1.60607035611527 1.6117 1.6117 1.60808178760842 1.60915366905971 1.6117 1.5998771292688 1.6117 1.60764387258981 1.61245384340416 1.6117 1.60509709357979 1.6117
30082001 1.654 1.654 1.654 1.65544295329014 1.65526707101791 1.654 1.657986239976 1.654 1.65821329934976 1.65394653564493 1.654 1.64708517034618 1.654 1.654 1.65028682552853 1.65019217128531 1.654 1.64185952597129 1.654 1.64906609645946 1.65415949088118 1.654 1.64950260874245 1.654
30072001 1.724 1.724 1.724 1.72592416636792 1.72652353131896 1.724 1.7290348233342 1.724 1.72844748392321 1.7239303718469 1.724 1.7167925233838 1.724 1.724 1.71938146876881 1.71754373657718 1.724 1.71192893225048 1.724 1.71869155662954 1.72427665011618 1.724 1.71866822447337 1.724
30062001 1.7954 1.7954 1.7954 1.79774671398558 1.79828218133376 1.7954 1.79868557057483 1.7954 1.80010437968623 1.79545800875664 1.7954 1.78789402348218 1.7954 1.7954 1.79005229405977 1.78944834968616 1.7954 1.78337829088893 1.7954 1.78958453132493 1.79574500399499 1.7954 1.79117487644945 1.7954
30052001 1.7935 1.7935 1.7935 1.79612343178449 1.79558167668304 1.7935 1.79704815488975 1.7935 1.79814130390217 1.79354347509939 1.7935 1.78615663740548 1.7935 1.7935 1.78866587736018 1.78857447414136 1.7935 1.78177096769807 1.7935 1.78734722902796 1.79434399212912 1.7935 1.79205675473912 1.7935
30042001 1.7327 1.7327 1.7327 1.73437956329537 1.73452748567109 1.7327 1.73421646941494 1.7327 1.73714185383694 1.7324901308968 1.7327 1.72560557883049 1.7327 1.7327 1.72865137181679 1.72867975118838 1.7327 1.72150131320377 1.7327 1.72594360798233 1.73340110696465 1.7327 1.73392284983545 1.7327
30032001 1.7317 1.7317 1.7317 1.7331174214563 1.73241982322156 1.7317 1.73299163445877 1.7317 1.73634960144464 1.73157429434816 1.7317 1.72460967326182 1.7317 1.7317 1.72687481511477 1.72666146982676 1.7317 1.72114636833691 1.7317 1.72424981957967 1.73194646446635 1.7317 1.73340582558179 1.7317
30022001 1.6678 1.6678 1.6678 1.66888464892002 1.66943236101555 1.6678 1.66659062600308 1.6678 1.6723994313969 1.66777310975847 1.6678 1.65854689168589 1.6678 1.6678 1.66304539955077 1.66412715654901 1.6678 1.65839838770474 1.6678 1.6603884173643 1.66913793348027 1.6678 1.67108438619886 1.6678
30112000 1.7355 1.7355 1.7355 1.73823997660621 1.73856298607105 1.7355 1.73257166160618 1.7355 1.74041236147671 1.73548602054829 1.7355 1.72411398131818 1.7355 1.7355 1.73059911679547 1.73096158795347 1.7355 1.72196242012515 1.7355 1.72640261810322 1.7355 1.7355 1.74288157526234 1.7355
30102000 1.8079 1.8079 1.8079 1.81080920693428 1.81134892763582 1.8079 1.80447423163809 1.8079 1.81303189484619 1.80798739938848 1.8079 1.7960389898157 1.8079 1.8079 1.80278556763023 1.80369916317235 1.8079 1.79308398648009 1.8079 1.79842310185469 1.80791414438556 1.8079 1.81629689982913 1.8079
30092000 1.7359 1.7359 1.7359 1.7391633431398 1.74040436973146 1.7359 1.73323127156672 1.7359 1.74074336321591 1.73592798326719 1.7359 1.72451135705574 1.7359 1.7359 1.73114448244579 1.73153274599725 1.7359 1.72232347454367 1.7359 1.72678701154283 1.7358728368788 1.7359 1.74402709341921 1.7359
30082000 1.734 1.734 1.734 1.73583676270515 1.73497667435595 1.734 1.73060581235004 1.734 1.73881003181674 1.73405592195506 1.734 1.71775769483824 1.734 1.734 1.7289839492865 1.72740597785786 1.734 1.72121794514407 1.734 1.72492397738022 1.73405426296006 1.734 1.7421628120225 1.734
30072000 1.6741 1.6741 1.6741 1.67629032236571 1.6764315155044 1.6741 1.67160728401446 1.6741 1.67868973394034 1.67423507016369 1.6741 1.65841877562208 1.6741 1.6741 1.66908283106389 1.66757144993449 1.6741 1.66263208926478 1.6741 1.66528539055224 1.67408690498073 1.6741 1.68202134764392 1.6741
30062000 1.6263 1.6263 1.6263 1.62842778284651 1.62856494454621 1.6263 1.62387845767441 1.6263 1.63062712217601 1.62656281945508 1.6263 1.6110665162142 1.6263 1.6263 1.6222172895058 1.62153922010413 1.6263 1.61536776013495 1.6263 1.61774972529654 1.62596886343893 1.6263 1.63399686271799 1.6263
30052000 1.688 1.688 1.688 1.68997237871216 1.69023971635206 1.688 1.68548658707151 1.688 1.69221781618937 1.6882870017141 1.688 1.67666326813715 1.688 1.688 1.6838373115043 1.68303053134728 1.688 1.67677408994585 1.688 1.67946729959206 1.68766872455582 1.688 1.69630199811348 1.688
30042000 1.7327 1.7327 1.7327 1.73482588627632 1.73471947186594 1.7327 1.73094546734118 1.7327 1.73673422062386 1.73317827768202 1.7327 1.72106305965714 1.7327 1.7327 1.72747005976961 1.72725623637355 1.7327 1.72119002209039 1.7327 1.72427974024883 1.73246830181367 1.7327 1.73986907723422 1.7327
30032000 1.6688 1.6688 1.6688 1.67084748601485 1.67074499604656 1.6688 1.66982764955316 1.6688 1.67222385873269 1.66911246242858 1.6688 1.65759221674602 1.6688 1.6688 1.6644806207765 1.66452680886882 1.6688 1.65872948970139 1.6688 1.66091236850619 1.66864226095962 1.6688 1.67642469512204 1.6688
30022000 1.6488 1.6488 1.6488 1.65101128594956 1.65136474684356 1.6488 1.64981533352304 1.6488 1.6518735317971 1.64948711088767 1.6488 1.64230621740297 1.6488 1.6488 1.64516963520659 1.64553222120026 1.6488 1.6380081142425 1.6488 1.64116202571671 1.64843568735609 1.6488 1.65623567629733 1.6488
30012000 1.641 1.641 1.641 1.64311471529607 1.64385772379108 1.641 1.64290332407921 1.641 1.6433741420509 1.64077172987237 1.641 1.63453693762632 1.641 1.641 1.63737819970703 1.63756487072696 1.641 1.63039518064365 1.641 1.63375914805669 1.64080534959075 1.641 1.64768899185542 1.641
30121999 1.5996 1.5996 1.5996 1.60180876548191 1.60215300170581 1.5996 1.60145530603114 1.5996 1.60213711009581 1.59958692180965 1.5996 1.59329999111947 1.5996 1.5996 1.59614374778587 1.59625153395176 1.5996 1.58991948149328 1.5996 1.59273074888701 1.59975182954504 1.5996 1.60523558832537 1.5996
30111999 1.592 1.592 1.592 1.59371949956476 1.59394864862366 1.592 1.59398337118403 1.592 1.59453809261392 1.59176594539559 1.592 1.58971516684084 1.592 1.592 1.58864409650925 1.58883531375233 1.592 1.5827120177249 1.592 1.58501294100675 1.59172287402065 1.592 1.59628245666039 1.592
30101999 1.533 1.533 1.533 1.53457845635121 1.53454851468278 1.533 1.53490986684995 1.533 1.53566980311898 1.53427042979635 1.533 1.53079984344661 1.533 1.533 1.52969130965748 1.52856203236074 1.533 1.52373449513585 1.533 1.52653761419265 1.53302428495623 1.533 1.53604875112651 1.533
30091999 1.4975 1.4975 1.4975 1.4990172672565 1.49942928957917 1.4975 1.49926655466079 1.4975 1.49886583584611 1.49758643614623 1.4975 1.49535079292975 1.4975 1.4975 1.49470620160166 1.49358255325014 1.4975 1.48792687497954 1.4975 1.49116364279824 1.49732198259029 1.4975 1.50055137440895 1.4975
30081999 1.5179 1.5179 1.5179 1.51909121925514 1.51961039998127 1.5179 1.51969061991293 1.5179 1.51919675373493 1.51782490290443 1.5179 1.51825954239716 1.5179 1.5179 1.51521469421289 1.51422412740891 1.5179 1.5074769143514 1.5179 1.51165702482228 1.5178036559776 1.5179 1.52235408074153 1.5179
30071999 1.4953 1.4953 1.4953 1.49620794927435 1.49655022263905 1.4953 1.496286944895 1.4953 1.49665149221951 1.49541099180519 1.4953 1.49565418917351 1.4953 1.4953 1.49287939386004 1.49182969205643 1.4953 1.48524413034593 1.4953 1.48924450162881 1.49502674794367 1.4953 1.49863167500321 1.4953
30061999 1.5525 1.5525 1.5525 1.55323844498239 1.55430970023707 1.5525 1.55352469868888 1.5525 1.55378785792252 1.55261534033274 1.5525 1.55286773804045 1.5525 1.5525 1.54982973630233 1.54904091129936 1.5525 1.5418418311635 1.5525 1.54649546702682 1.55247529852579 1.5525 1.55470592588793 1.5525
30051999 1.5242 1.5242 1.5242 1.52492861780087 1.52563607805044 1.5242 1.5257976044261 1.5242 1.52535105864532 1.52417482845457 1.5242 1.52408642408769 1.5242 1.5242 1.52134484603869 1.52082622841582 1.5242 1.51330432270066 1.5242 1.518329079426 1.5242 1.5242 1.52672203813744 1.5242
30041999 1.521 1.521 1.521 1.5217468403408 1.52260115892959 1.521 1.5225942503163 1.521 1.52217378012465 1.52066141877829 1.521 1.520886662536 1.521 1.521 1.51883516874205 1.51884441223476 1.521 1.50999209299179 1.521 1.51514140520073 1.52108468382078 1.521 1.52300056732353 1.521
30031999 1.4872 1.4872 1.4872 1.48777433651769 1.4882860674697 1.4872 1.48733440504831 1.4872 1.48867908256666 1.48726124827667 1.4872 1.48708918114631 1.4872 1.4872 1.48522674916688 1.48554162679785 1.4872 1.47472207175369 1.4872 1.48138911776724 1.48714086421163 1.4872 1.48950720002525 1.4872
30021999 1.4433 1.4433 1.4433 1.44342187461454 1.44386922105936 1.4433 1.44343043760504 1.4433 1.44467592520017 1.44327622103408 1.4433 1.4384148115229 1.4433 1.4433 1.44130502861713 1.44168865442597 1.4433 1.43113922811692 1.4433 1.43771781485334 1.44315066198882 1.4433 1.44534835019541 1.4433
