30042017 6.8054 6.8054 6.8054 6.81102701623222 6.81665868513903 6.8054 6.82128055485163 6.8054 6.80267183281797 6.8054 6.8054 6.79651582637188 6.8054 6.8054 6.79206853767953 6.79419425305479 6.8054 6.77064641525917 6.8054 6.80032067780073 6.80478142689921 6.8054 6.81419836517601 6.8054
30032017 7.0144 7.0144 7.0144 7.02020574910901 7.02481588132245 7.0144 7.03964986327367 7.0144 7.01158804833197 7.01434126793402 7.0144 6.9938800690928 7.0144 7.0144 6.99850417006134 7.00178405352364 7.0144 6.97822594303554 7.0144 7.00980183930777 7.01364561670325 7.0144 7.01598499700994 7.0144
30022017 7.0144 7.0144 7.0144 7.01964787937542 7.01200923277153 7.0144 6.99957881326061 7.0144 7.01164675734485 7.01428255406034 7.0144 7.01061061386753 7.0144 7.0144 6.99953593757327 7.00386621688951 7.0144 6.97691947336792 7.0144 7.01055580917025 7.01434192728487 7.0144 7.0144 7.0144
30012017 6.9152 6.9152 6.9152 6.91805007128347 6.91166667171718 6.9152 6.47799285228091 6.9152 6.9126014360975 6.91543159904524 6.9152 6.85773879131906 6.9152 6.9152 6.9036418849182 6.9131161663909 6.9152 6.87584346141731 6.9152 6.91146739553651 6.91456988467044 6.9152 6.91781158342499 6.9152
30122016 7.0528 7.0528 7.0528 7.05570678255843 7.04919636486102 7.0528 6.67048458916825 7.0528 7.04991361858592 7.05250476664278 7.0528 6.98975353514596 7.0528 7.0528 7.04263219990676 7.04748073632585 7.0528 7.00878901187518 7.0528 7.04963548858009 7.05203959965084 7.0528 7.04960071794147 7.0528
30112016 6.9961 6.9961 6.9961 6.99783729951338 6.99729317968182 6.9961 6.96857019749241 6.9961 6.99352957551672 6.99598289576058 6.9961 6.97578997496032 6.9961 6.9961 6.98656615272163 6.98342578436691 6.9961 6.95215268577127 6.9961 6.99371495930016 6.99604193457353 6.9961 6.99084013446936 6.9961
30102016 6.7964 6.7964 6.7964 6.7964 6.7964 6.7964 6.79403122515013 6.7964 6.79401666860056 6.79634312754959 6.7964 6.82305742549099 6.7964 6.7964 6.78815929779648 6.78096392829835 6.7964 6.75593492603358 6.7964 6.7941394282516 6.7964 6.7964 6.79078203952791 6.7964
30092016 6.6762 6.6762 6.6762 6.67734143515281 6.67734084969675 6.6762 6.67708702602861 6.6762 6.67391466729328 6.67614413899564 6.6762 6.67412825208303 6.6762 6.6762 6.67012790737482 6.65795030788041 6.6762 6.63607392271052 6.6762 6.67397940834755 6.6762 6.6762 6.67019346430316 6.6762
30082016 6.6863 6.6863 6.6863 6.68795866970205 6.69859168813559 6.6863 6.67654067291187 6.6863 6.68406713678837 6.68652382044586 6.6863 6.65131044973345 6.6863 6.6863 6.68123189888913 6.66800602958328 6.6863 6.64814083305122 6.6863 6.68407604895513 6.6862445002884 6.6863 6.6832969386586 6.6863
30072016 6.6925 6.6925 6.6925 6.69421042523424 6.7014418179305 6.6925 6.70618942389854 6.6925 6.69004112064517 6.69294833363644 6.6925 6.70600302107268 6.6925 6.6925 6.68692265922738 6.67215750571507 6.6925 6.65490442111449 6.6925 6.69032951991252 6.69244444329144 6.6925 6.68896952368982 6.6925
30062016 6.7009 6.7009 6.7009 6.70147080832767 6.70756157438226 6.7009 6.70485808616289 6.7009 6.69798933304695 6.69961056161227 6.7009 6.67965846700656 6.7009 6.7009 6.69530038639901 6.68663607402441 6.7009 6.66448305226075 6.7009 6.698782404525 6.70084436801835 6.7009 6.69331367326284 6.7009
30052016 6.6681 6.6681 6.6681 6.6681 6.67027449928841 6.6681 6.67798958085742 6.6681 6.66648639662754 6.66771004447125 6.6681 6.64696244144017 6.6681 6.6681 6.66199082296908 6.66200761421409 6.6681 6.63367467948385 6.6681 6.66604811250421 6.6681 6.6681 6.66208451538319 6.6681
30042016 6.5281 6.5281 6.5281 6.5281 6.53022884461911 6.5281 6.54361652377354 6.5281 6.52690197317591 6.52891847831879 6.5281 6.53683480509142 6.5281 6.5281 6.52359938849503 6.52710326735722 6.5281 6.49552899688649 6.5281 6.52609119287934 6.52804579723257 6.5281 6.51727768762894 6.5281
30032016 6.5448 6.5448 6.5448 6.54643008837797 6.54591954352495 6.5448 6.56509186316753 6.5448 6.54277858973076 6.54414351765036 6.5448 6.55355715022171 6.5448 6.5448 6.53925500704132 6.55080717400117 6.5448 6.51463153305117 6.5448 6.54284037916271 6.54490867879448 6.5448 6.53950461830382 6.5448
30022016 6.8518 6.8518 6.8518 6.85529644467566 6.84209068797418 6.8518 6.87416990949423 6.8518 6.85037090342009 6.8563415800699 6.8518 6.83208064099074 6.8518 6.8518 6.84439540442171 6.86018657273148 6.8518 6.81786904545533 6.8518 6.84963471762367 6.85157242970955 6.8518 6.84778015364489 6.8518
30012016 6.83 6.83 6.83 6.83304079075025 6.82480095126235 6.83 6.89412785663591 6.83 6.82405226226815 6.82667468778162 6.83 6.83603144525943 6.83 6.83 6.82578913011931 6.83940992576813 6.83 6.79692338637123 6.83 6.82806838887243 6.82943250267447 6.83 6.819960052917 6.83
30122015 6.83 6.83 6.83 6.83175831258594 6.82480095126235 6.83 6.90070590909152 6.83 6.82737629708809 6.82714876717333 6.83 6.83994443933352 6.83 6.83 6.82737881874744 6.83313518668651 6.83 6.79569151702922 6.83 6.8286357728458 6.8293182611358 6.83 6.82348681733696 6.83
30112015 7.0521 7.0521 7.0521 7.05429479883563 7.05023990792565 7.0521 7.12455542021416 7.0521 7.05233502691484 7.05204125917808 7.0521 7.04760246543883 7.0521 7.0521 7.05102177938007 7.04562125184382 7.0521 7.01865809969756 7.0521 7.05139524800486 7.05215869437664 7.0521 7.05417323453248 7.0521
30102015 6.7694 6.7694 6.7694 6.77198202532946 6.76845431087308 6.7694 6.85126865717463 6.7694 6.76968199371561 6.7694 6.7694 6.76669493990656 6.7694 6.7694 6.76991684676238 6.76110158787767 6.7694 6.73557792203986 6.7694 6.7686671642694 6.7694 6.7694 6.77189104357741 6.7694
30092015 6.6588 6.6588 6.6588 6.66176234937598 6.6604597211382 6.6588 6.7424939758991 6.6588 6.65907738643801 6.65874454073363 6.6588 6.65932624179046 6.6588 6.6588 6.65778377690221 6.64142576153861 6.6588 6.62609076989396 6.6588 6.65807913750659 6.65885541542013 6.6588 6.66420630882707 6.6588
30082015 6.6544 6.6544 6.6544 6.65823477699103 6.67064576563412 6.6544 6.76276379463944 6.6544 6.65473262853706 6.65456628725057 6.6544 6.65494394903583 6.6544 6.6544 6.65389290146995 6.6319078066554 6.6544 6.62350392630256 6.6544 6.65362424149113 6.65434462165813 6.6544 6.66175547345371 6.6544
30072015 6.8036 6.8036 6.8036 6.80751782851441 6.81484693703226 6.8036 6.9102276062697 6.8036 6.80377006661711 6.80462122960397 6.8036 6.7611007876835 6.8036 6.8036 6.80308153168445 6.78586428039476 6.8036 6.77193103921712 6.8036 6.80286346187599 6.8036 6.8036 6.81114708786316 6.8036
30062015 6.6676 6.6676 6.6676 6.67102304297475 6.67611536124285 6.6676 6.78026991053811 6.6676 6.6667659764534 6.66643274644441 6.6676 6.67578024723674 6.6676 6.6676 6.6676 6.65942638156013 6.6676 6.63630919651825 6.6676 6.66687818484395 6.66754450626501 6.6676 6.67483569562776 6.6676
30052015 6.8001 6.8001 6.8001 6.80311363816732 6.80612861190544 6.8001 6.90790268254173 6.8001 6.80043991153445 6.8035661011145 6.8001 6.78924209362208 6.8001 6.8001 6.80114368074725 6.80427184506913 6.8001 6.76693973000944 6.8001 6.7994204316385 6.8001 6.8001 6.81094971605738 6.8001
30042015 6.6546 6.6546 6.6546 6.65801892203326 6.6606079342055 6.6546 6.73828457477258 6.6546 6.65154225926959 6.65538125950994 6.6546 6.63392375015546 6.6546 6.6546 6.65511183328609 6.66378514417101 6.6546 6.62168370540112 6.6546 6.65393497218888 6.65454460893048 6.6546 6.66618370770253 6.6546
30032015 6.9427 6.9427 6.9427 6.94405449935204 6.94714708188019 6.9427 7.04292014017251 6.9427 6.93869526669782 6.93869526669782 6.9427 6.95729216655547 6.9427 6.9427 6.94323746471808 6.95873790236125 6.9427 6.90739846689486 6.9427 6.94206396474069 6.9427 6.9427 6.96237601661682 6.9427
30022015 6.6423 6.6423 6.6423 6.64182957657217 6.63376243199195 6.6423 6.755430568089 6.6423 6.6423 6.64202331243049 6.6423 6.64175867727267 6.6423 6.6423 6.64281612731481 6.66381169098864 6.6423 6.61007074185412 6.6423 6.64169148501261 6.6423 6.6423 6.66796452177632 6.6423
30012015 6.5847 6.5847 6.5847 6.58640425660434 6.58140610358253 6.5847 6.64641465019936 6.5847 6.58497429964534 6.58448066718561 6.5847 6.57989069370147 6.5847 6.5847 6.58061010541521 6.60090379245251 6.5847 6.55367195358538 6.5847 6.58409676186902 6.58475480969727 6.5847 6.61103519155936 6.5847
30122014 6.1214 6.1214 6.1214 6.12374912442129 6.11987103534572 6.1214 6.24356106358506 6.1214 6.12185891572801 6.12150194262909 6.1214 6.11692907686366 6.1214 6.1214 6.11476629770171 6.12891325790707 6.1214 6.09216953317436 6.1214 6.12078825755973 6.12124712742597 6.1214 6.14165205789359 6.1214
30112014 5.9608 5.9608 5.9608 5.96308213125774 5.9608 5.9608 6.05345459258941 5.9608 5.96114760182517 5.96070073357337 5.9608 5.97514707823532 5.9608 5.9608 5.95252666629582 5.95897405371982 5.9608 5.93390198481434 5.9608 5.96035315780563 5.9608 5.9608 5.98052072837784 5.9608
30102014 5.9441 5.9441 5.9441 5.94675060181785 5.94484220075171 5.9441 6.02290676687911 5.9441 5.94454562371008 5.94395155522147 5.9441 5.96256658532719 5.9441 5.9441 5.93587268402077 5.9368199926254 5.9441 5.91402768797609 5.9441 5.94365440969542 5.9441 5.9441 5.96506994710942 5.9441
30092014 5.9152 5.9152 5.9152 5.9178456625478 5.91372032117077 5.9152 6.00388001700253 5.9152 5.91579119491321 5.9150031055978 5.9152 5.8955607052076 5.9152 5.9152 5.90700512299526 5.90248092183213 5.9152 5.88408564423762 5.9152 5.91475657613942 5.9152 5.9152 5.93535678740458 5.9152
30082014 5.6506 5.6506 5.6506 5.65423495606209 5.65707087097887 5.6506 5.70971709002563 5.6506 5.65135286139435 5.65097626770758 5.6506 5.67859528805878 5.6506 5.6506 5.64103343980677 5.63323443178755 5.6506 5.62012058422979 5.6506 5.65017641147103 5.6506 5.6506 5.67366225200309 5.6506
30072014 5.5732 5.5732 5.5732 5.57568707740744 5.57887604050893 5.5732 5.6282242133495 5.5732 5.57357141050248 5.57310719762851 5.5732 5.55859015206459 5.5732 5.5732 5.56376447929973 5.55261487655881 5.5732 5.54333103424959 5.5732 5.57278221364286 5.57324639944723 5.5732 5.59266564710433 5.5732
30062014 5.4589 5.4589 5.4589 5.46133424071995 5.46445545316389 5.4589 5.51287006543417 5.4589 5.45935469996679 5.45894544784728 5.4589 5.46159775927037 5.4589 5.4589 5.4492158834748 5.44039748407333 5.4589 5.43011272533317 5.4589 5.45844533790436 5.45885455253109 5.4589 5.47760165016184 5.4589
30052014 5.4843 5.4843 5.4843 5.48747501404623 5.48850020411772 5.4843 5.5349160059053 5.4843 5.48471115292697 5.48466544947626 5.4843 5.48253740743962 5.4843 5.4843 5.47539147045483 5.47076245582381 5.4843 5.45678756812094 5.4843 5.48388887789448 5.4843 5.4843 5.49989939102748 5.4843
30042014 5.3891 5.3891 5.3891 5.3908284465403 5.39323388468764 5.3891 5.41533999577671 5.3891 5.38914490710846 5.389234735922 5.3891 5.38520939707617 5.3891 5.3891 5.38200591249669 5.38078214620495 5.3891 5.36286051889499 5.3891 5.3886960144159 5.38905512916047 5.3891 5.40598436147348 5.3891
30032014 5.4148 5.4148 5.4148 5.41721820786388 5.42100084100386 5.4148 5.44745487182839 5.4148 5.41470974505966 5.41475487008518 5.4148 5.41435435575185 5.4148 5.4148 5.40974647108779 5.41144302165402 5.4148 5.38732397518406 5.4148 5.41443916967404 5.4147549106715 5.4148 5.42745747161531 5.4148
30022014 5.4637 5.4637 5.4637 5.46832397633266 5.46447398658762 5.4637 5.47723176275767 5.4637 5.4636544670797 5.4637 5.4637 5.48240933476146 5.4637 5.4637 5.45643343562485 5.46200135192273 5.4637 5.43960075178899 5.4637 5.46338140495437 5.4637 5.4637 5.47655319700286 5.4637
30012014 5.5208 5.5208 5.5208 5.52437061730194 5.52010651924958 5.5208 5.45589528629878 5.5208 5.52075399122456 5.52084601376049 5.5208 5.52171290645701 5.5208 5.5208 5.51386636880954 5.52252014381148 5.5208 5.49371449301506 5.5208 5.52047807538337 5.52089194054737 5.5208 5.53751126475088 5.5208
30122013 5.4127 5.4127 5.4127 5.41512845783527 5.4120206099851 5.4127 5.35223390351914 5.4127 5.41260978006287 5.4127 5.4127 5.41226188429944 5.4127 5.4127 5.40718391241342 5.41185578251828 5.4127 5.38614484066487 5.4127 5.41229424527824 5.41265493266165 5.4127 5.42706557461272 5.4127
30112013 5.4859 5.4859 5.4859 5.48909061764387 5.48805064271827 5.4859 5.424616175165 5.4859 5.48580855995103 5.4859 5.4859 5.47356941258883 5.4859 5.4859 5.48161310468411 5.48162315449543 5.4859 5.45590825535874 5.4859 5.4855344317269 5.48594567719807 5.4859 5.50064774496852 5.4859
30102013 5.4225 5.4225 5.4225 5.42458896657313 5.42181989210475 5.4225 5.33531292217811 5.4225 5.42240961671457 5.4225 5.4225 5.41270447957549 5.4225 5.4225 5.41699979598799 5.4165935763755 5.4225 5.39457426138863 5.4225 5.42209351063633 5.42245485106468 5.4225 5.43665367686813 5.4225
30092013 5.5224 5.5224 5.5224 5.52420285101719 5.52099331750069 5.5224 5.42799951587322 5.5224 5.52230795156192 5.52235397328773 5.5224 5.52823699786607 5.5224 5.5224 5.51543739692178 5.51546373193264 5.5224 5.49221158647009 5.5224 5.52203199944742 5.5224 5.5224 5.53450679416877 5.5224
30082013 5.6361 5.6361 5.6361 5.63902584434781 5.64485544912025 5.6361 5.55296630208176 5.6361 5.63605303034719 5.6361 5.6361 5.62837596789193 5.6361 5.6361 5.62698718557242 5.62266826395866 5.6361 5.6045947926179 5.6361 5.63572442273027 5.63614692780694 5.6361 5.64249385863668 5.6361
30072013 5.6119 5.6119 5.6119 5.61624386903606 5.61986991079821 5.6119 5.5191702445023 5.6119 5.6118532320231 5.6118532320231 5.6119 5.61402371223286 5.6119 5.6119 5.60362177444338 5.59614914644995 5.6119 5.58110949968425 5.6119 5.61147931255694 5.6119 5.6119 5.62146645785105 5.6119
30062013 5.7278 5.7278 5.7278 5.73186269723762 5.73364421465847 5.7278 5.63822339965038 5.7278 5.7278 5.72789547367663 5.7278 5.72286715890948 5.7278 5.7278 5.72135874459643 5.71654208838732 5.7278 5.69598837746689 5.7278 5.72737062429189 5.72789536875963 5.7278 5.73571826111153 5.7278
30052013 5.7325 5.7325 5.7325 5.73620138389158 5.73688619239644 5.7325 5.64116922071004 5.7325 5.73240444957423 5.73254778297821 5.7325 5.73195562882901 5.7325 5.7325 5.72725944991276 5.72687081953945 5.7325 5.69986843746105 5.7325 5.73197483369237 5.73269083842654 5.7325 5.74136650678817 5.7325
30042013 5.6863 5.6863 5.6863 5.68997155328786 5.69065084270805 5.6863 5.61232970545941 5.6863 5.6861578229496 5.6863 5.6863 5.68144194832934 5.6863 5.6863 5.68110168513545 5.68071618685515 5.6863 5.65520594119548 5.6863 5.68558978941396 5.68625268297347 5.6863 5.70251306992405 5.6863
30032013 5.8371 5.8371 5.8371 5.84274876227495 5.84239999287645 5.8371 5.77419577697053 5.8371 5.83695405243112 5.8371 5.8371 5.84535518176762 5.8371 5.8371 5.8276061319044 5.82971278976789 5.8371 5.80499257991238 5.8371 5.83641952091967 5.83714857227263 5.8371 5.84850110372756 5.8371
30022013 5.679 5.679 5.679 5.6849308058001 5.67608020340382 5.679 5.63043616224029 5.679 5.6788580054747 5.67923676015549 5.679 5.66999259257364 5.679 5.679 5.6717237525091 5.67417296049992 5.679 5.64484991240504 5.679 5.67829070117333 5.67895274371847 5.679 5.68872822437478 5.679
30012013 5.5065 5.5065 5.5065 5.51550246866668 5.5072066410349 5.5065 5.5158027778135 5.5065 5.50613276532783 5.50645407824999 5.5065 5.51698702680514 5.5065 5.5065 5.49863450367106 5.50571932369422 5.5065 5.47154587584345 5.5065 5.50585806169916 5.5065916383065 5.5065 5.51644562885832 5.5065
30122012 5.6591 5.6591 5.6591 5.66835195140863 5.65982622396815 5.6591 5.67860628763085 5.6591 5.65876977987431 5.65905281035665 5.6591 5.66450460460227 5.6591 5.6591 5.65063078395067 5.65749889621689 5.6591 5.62608484661875 5.6591 5.65834610654807 5.6591 5.6591 5.67080310622611 5.6591
30112012 5.7446 5.7446 5.7446 5.75545642460686 5.74762302460702 5.7446 5.7942314998313 5.7446 5.74431269098146 5.74483956696119 5.7446 5.7380607982305 5.7446 5.7446 5.73439279997655 5.73973786541868 5.7446 5.710943094109 5.7446 5.74383471641711 5.7446 5.7446 5.75319778482765 5.7446
30102012 5.7414 5.7414 5.7414 5.75341205247756 5.74515506134242 5.7414 5.79295245387783 5.7414 5.74087343947298 5.74135210490968 5.7414 5.74303969886609 5.7414 5.7414 5.732029978737 5.73329635372784 5.7414 5.7098234629957 5.7414 5.74063514271441 5.74130445411473 5.7414 5.75430118726852 5.7414
30092012 5.766 5.766 5.766 5.77842987538703 5.771924498069 5.766 5.83951681793374 5.766 5.76551927963003 5.76590381423404 5.766 5.766 5.766 5.766 5.75779197247472 5.75454152863996 5.766 5.73652696743927 5.766 5.76532780963541 5.76595201497968 5.766 5.77947058970046 5.766
30082012 5.9086 5.9086 5.9086 5.92133728090735 5.91467101791372 5.9086 5.97327339656885 5.9086 5.90820594882702 5.90855072491563 5.9086 5.9157444112417 5.9086 5.9086 5.90184141586695 5.89848244764783 5.9086 5.87028296924291 5.9086 5.90796035199607 5.90874750296558 5.9086 5.92969745785191 5.9086
30072012 6.0572 6.0572 6.0572 6.06830342392712 6.07624202925305 6.0572 6.14259195492497 6.0572 6.05684654992043 6.0566951533575 6.0572 6.06452409162462 6.0572 6.0572 6.04897669040543 6.04076454485047 6.0572 6.01232446469354 6.0572 6.05639307249969 6.0572 6.0572 6.08001816339274 6.0572
30062012 5.9042 5.9042 5.9042 5.91461879980088 5.92428067400195 5.9042 5.9815988414622 5.9042 5.9043475847082 5.90307010779778 5.9042 5.95254352395379 5.9042 5.9042 5.89577365004937 5.88820709902004 5.9042 5.8596847115823 5.9042 5.90341345483931 5.9042 5.9042 5.92697150212707 5.9042
30052012 5.992 5.992 5.992 6.00336021911322 6.01150586641195 5.992 6.08066158347801 5.992 5.9932967221306 5.99190040307468 5.992 6.01621935615184 5.992 5.992 5.98086597470527 5.97578314429159 5.992 5.94570613504258 5.992 5.99120175830716 5.99190028373837 5.992 6.01715004303695 5.992
30042012 5.6295 5.6295 5.6295 5.64202573917768 5.64938563528734 5.6295 5.69861462816849 5.6295 5.63081186728693 5.6295 5.6295 5.63811462428819 5.6295 5.6295 5.61697084873056 5.61907118158654 5.6295 5.58715389074177 5.6295 5.62884372257068 5.6294531509414 5.6295 5.64653513873815 5.6295
30032012 5.5705 5.5705 5.5705 5.58336319028371 5.58880032401608 5.5705 5.63193744431185 5.5705 5.57179811825594 5.57036114884551 5.5705 5.55516089563753 5.5705 5.5705 5.55718845993673 5.56571228018302 5.5705 5.52673486589921 5.5705 5.56989695372746 5.57036089920364 5.5705 5.58980961966519 5.5705
30022012 5.5312 5.5312 5.5312 5.54376433441974 5.53779848817273 5.5312 5.59115359666302 5.5312 5.53262686712595 5.53129191169781 5.5312 5.53739057920421 5.5312 5.5312 5.51792469040924 5.52801931838056 5.5312 5.48652563734207 5.5312 5.53073931616564 5.53110789699326 5.5312 5.54612023993145 5.5312
30012012 5.6425 5.6425 5.6425 5.65417810093781 5.64545780422212 5.6425 5.61207409274408 5.6425 5.64386179506046 5.64179729615765 5.6425 5.62554099680232 5.6425 5.6425 5.62848033387351 5.6425 5.6425 5.59959805038489 5.6425 5.64212399624839 5.64245301460145 5.6425 5.6563546536656 5.6425
30122011 5.7456 5.7456 5.7456 5.75749148369486 5.74861184934667 5.7456 5.7121993443832 5.7456 5.74770248335297 5.74393468288114 5.7456 5.74777925653257 5.7456 5.7456 5.7296466949444 5.74477275929056 5.7456 5.7008940585361 5.7456 5.74526496701976 5.74564784431615 5.7456 5.76327169665059 5.7456
30112011 5.5426 5.5426 5.5426 5.55522029091193 5.54558368855035 5.5426 5.49472481882496 5.5426 5.54623573265507 5.54122742278521 5.5426 5.54470226038315 5.5426 5.5426 5.52681277774025 5.53700664379708 5.5426 5.49910404290596 5.5426 5.54223065336399 5.54255384647408 5.5426 5.56063315852946 5.5426
30102011 5.3153 5.3153 5.3153 5.32740273739476 5.31816132857353 5.3153 5.29173398539406 5.3153 5.32010411060947 5.3154314708329 5.3153 5.32524112839869 5.3153 5.3153 5.29862411088384 5.30148777439254 5.3153 5.27288457035608 5.3153 5.31499005834031 5.31534426115526 5.3153 5.32943944623566 5.3153
30092011 5.5111 5.5111 5.5111 5.52292363065343 5.51845210334458 5.5111 5.44882447853466 5.5111 5.5159446462369 5.51060040912008 5.5111 5.48992415887633 5.5111 5.5111 5.49414822611899 5.48967188376816 5.5111 5.46628888870953 5.5111 5.51073275245449 5.51119176983886 5.5111 5.52626361922561 5.5111
30082011 5.1565 5.1565 5.1565 5.16899675497998 5.17378088250862 5.1565 5.10765640292958 5.1565 5.16150082688762 5.15654247616305 5.1565 5.16994547848528 5.1565 5.1565 5.14101958560005 5.13473039666292 5.1565 5.12279196740897 5.1565 5.15607052426383 5.15637119859026 5.1565 5.17202194676748 5.1565
30072011 5.224 5.224 5.224 5.23700407036401 5.24289793459201 5.224 5.18531094237032 5.224 5.22902321551793 5.22468913674339 5.224 5.23762300597141 5.224 5.224 5.20869224932204 5.19807257444491 5.224 5.19855090266946 5.224 5.22369538215525 5.2240869977937 5.224 5.23853263169012 5.224
30062011 5.1607 5.1607 5.1607 5.17382596097193 5.18210101801821 5.1607 5.12174124007522 5.1607 5.16498099734671 5.16099817218045 5.1607 5.13140681896754 5.1607 5.1607 5.14559101905529 5.13282027189642 5.1607 5.13967027213421 5.1607 5.16031313607025 5.1607 5.1607 5.17507153151594 5.1607
30052011 5.1832 5.1832 5.1832 5.19570242461104 5.20402934452955 5.1832 5.14884103335685 5.1832 5.1871999586733 5.18324279763358 5.1832 5.18270440306309 5.1832 5.1832 5.16950480375727 5.15892115937141 5.1832 5.16263777954174 5.1832 5.18281144939239 5.18324315251828 5.1832 5.20407292624714 5.1832
30042011 5.0186 5.0186 5.0186 5.02977047842503 5.03478305688497 5.0186 5.00034578660404 5.0186 5.02243146404081 5.01951276728465 5.0186 5.02490032586785 5.0186 5.0186 5.00749871057111 5.0001526055317 5.0186 4.9996536117381 5.0186 5.01818200971017 5.01876708894696 5.0186 5.04276304752265 5.0186
30032011 5.2486 5.2486 5.2486 5.2603096317418 5.26412245158031 5.2486 5.23011571830642 5.2486 5.25165190413983 5.24864343662978 5.2486 5.24706464667166 5.2486 5.2486 5.23963738087275 5.23695439217185 5.2486 5.23091335878776 5.2486 5.24798812723767 5.24868734637528 5.2486 5.27355383855341 5.2486
30022011 5.3899 5.3899 5.3899 5.40192487218022 5.4058403387137 5.3899 5.3622774833947 5.3899 5.39298943429444 5.3899 5.3899 5.36425802011657 5.3899 5.3899 5.38267961776158 5.38030080159023 5.3899 5.37081983490383 5.3899 5.38918196880837 5.38994484203086 5.3899 5.41253683064882 5.3899
30012011 5.4443 5.4443 5.4443 5.45622055490364 5.45244776345146 5.4443 5.48299215440949 5.4443 5.44742061580535 5.44380465216227 5.4443 5.42110531250295 5.4443 5.4443 5.43778756831633 5.43943683548385 5.4443 5.42926880631498 5.4443 5.44352943354581 5.44434529009774 5.4443 5.47061735297808 5.4443
30122010 5.6133 5.6133 5.6133 5.62522329421836 5.61859070735794 5.6133 5.64035256550694 5.6133 5.61702854832505 5.61320719747351 5.6133 5.59129297699328 5.6133 5.6133 5.60826334331227 5.61079126110795 5.6133 5.59815803248118 5.6133 5.61245882492037 5.61334669131565 5.6133 5.6381985060316 5.6133
30112010 5.7339 5.7339 5.7339 5.74569374619223 5.73853387942924 5.7339 5.76062841544236 5.7339 5.73780351591822 5.73461148156146 5.7339 5.70230923870418 5.7339 5.7339 5.72832409092965 5.73048187425045 5.7339 5.71869203591435 5.7339 5.73299306561595 5.7339 5.7339 5.75897741177833 5.7339
30102010 5.3808 5.3808 5.3808 5.39222943750203 5.38740767561925 5.3808 5.39871829560277 5.3808 5.38379509365579 5.38124565554128 5.3808 5.36475057768511 5.3808 5.3808 5.37556276044833 5.37678536988762 5.3808 5.36776646123664 5.3808 5.37994891565362 5.3808 5.3808 5.40438263481295 5.3808
30092010 5.4601 5.4601 5.4601 5.47061235552975 5.46831789838949 5.4601 5.49793216910739 5.4601 5.46268679642969 5.45991906718345 5.4601 5.46332797678661 5.4601 5.4601 5.45478079709554 5.45356875263138 5.4601 5.44754491121252 5.4601 5.45923637272531 5.4601 5.4601 5.48795892086445 5.4601
30082010 5.8713 5.8713 5.8713 5.88219024946886 5.88822700105693 5.8713 5.90199396667291 5.8713 5.87427626549469 5.87134863347018 5.8713 5.86910141928004 5.8713 5.8713 5.86530556480264 5.86541202947961 5.8713 5.86180656516012 5.8713 5.87037133297597 5.8712511630518 5.8713 5.90786839032168 5.8713
30072010 5.7192 5.7192 5.7192 5.72743831431279 5.73805877927498 5.7192 5.73736004914981 5.7192 5.72205176611368 5.71938954380748 5.7192 5.71651887500047 5.7192 5.7192 5.71422278279467 5.71036931576449 5.7192 5.71048798720531 5.7192 5.71834295538891 5.7192 5.7192 5.75692878177897 5.7192
30062010 6.0702 6.0702 6.0702 6.08106686182123 6.09027472190052 6.0702 6.08515399784801 6.0702 6.07302551515671 6.06979774690582 6.0702 6.0649121679646 6.0702 6.0702 6.06010159105977 6.06156646872408 6.0702 6.06155853015418 6.0702 6.06929035665858 6.07030097898176 6.0702 6.10921602833617 6.0702
30052010 6.0449 6.0449 6.0449 6.05697581910449 6.06489105242273 6.0449 6.05513721205163 6.0449 6.04811452824515 6.04464979821593 6.0449 6.04022179455866 6.0449 6.0449 6.03377737975211 6.036386389738 6.0449 6.03667661290229 6.0449 6.04389360659339 6.0449 6.0449 6.07035574939452 6.0449
30042010 5.6141 5.6141 5.6141 5.6241246069526 5.63106031931049 5.6141 5.62828882226173 5.6141 5.61731794338901 5.61377487744153 5.6141 5.63103859792481 5.6141 5.6141 5.60340940751107 5.60694035970555 5.6141 5.60736140410034 5.6141 5.61316532891792 5.61391320267933 5.6141 5.63224933103905 5.6141
30032010 5.5232 5.5232 5.5232 5.53201037488427 5.5361557892913 5.5232 5.53575775883783 5.5232 5.52668590071179 5.52288036375137 5.5232 5.55912578388959 5.5232 5.5232 5.51344255367643 5.51937788342656 5.5232 5.51349467240656 5.5232 5.5224642108615 5.52306212164607 5.5232 5.53079355395122 5.5232
30022010 5.4847 5.4847 5.4847 5.49393730894183 5.48923969730022 5.4847 5.5049919129212 5.4847 5.48847922880673 5.48451872056084 5.4847 5.54097389898721 5.4847 5.4847 5.47286216002418 5.47900082010089 5.4847 5.47595037318659 5.4847 5.48410624218814 5.48460869865549 5.4847 5.48894068340117 5.4847
30012010 5.3303 5.3303 5.3303 5.33663712910129 5.32809815380928 5.3303 5.35404753375635 5.3303 5.33414914304766 5.3299478628343 5.3303 5.43386557473897 5.3303 5.3303 5.31838500625392 5.32925508730587 5.3303 5.31534004296523 5.3303 5.32981168007509 5.33034436832799 5.3303 5.32128247926275 5.3303
30122009 5.1901 5.1901 5.1901 5.19553523285099 5.19153037099341 5.1901 5.20629414116075 5.1901 5.1941910464786 5.1898002058708 5.1901 5.26152948105005 5.1901 5.1901 5.1822254969056 5.18021354214867 5.1901 5.16848626434385 5.1901 5.18958132707563 5.1901 5.1901 5.16761443848638 5.1901
30112009 4.954 4.954 4.954 4.95918798164656 4.955365302769 4.954 4.97221847402166 4.954 4.95819134138275 4.95408174175638 4.954 5.02417473598786 4.954 4.954 4.95478254319265 4.9427473887412 4.954 4.93220168522148 4.954 4.95350492174191 4.954 4.954 4.92368806624009 4.954
30102009 5.0291 5.0291 5.0291 5.03261604952957 5.03187467832484 5.0291 5.06651175930695 5.0291 5.03327183013086 5.02847808682167 5.0291 5.10033854758912 5.0291 5.0291 5.03452472236463 5.01636235948186 5.0291 5.00199830692624 5.0291 5.02859741661934 5.02922555956502 5.0291 5.00285494310442 5.0291
30092009 5.0839 5.0839 5.0839 5.08852287686851 5.0881967796223 5.0839 5.11609528861992 5.0839 5.08874657806771 5.08310500950055 5.0839 5.15730036563084 5.0839 5.0839 5.0902199183121 5.06946125875662 5.0839 5.05221800426477 5.0839 5.08326502829637 5.08394230044393 5.0839 5.03600781352471 5.0839
30082009 5.2152 5.2152 5.2152 5.21994227019506 5.2196077509562 5.2152 5.24622067536239 5.2152 5.22098817638755 5.2147713757021 5.2152 5.277857624787 5.2152 5.2152 5.22441130438287 5.19811334543729 5.2152 5.18157810976177 5.2152 5.21450524197655 5.2152 5.2152 5.15479094048797 5.2152
30072009 5.2667 5.2667 5.2667 5.27184385412707 5.28141212743826 5.2667 5.29568726590987 5.2667 5.27297870750435 5.26639725021083 5.2667 5.32997636763033 5.2667 5.2667 5.27301604282164 5.24420869899826 5.2667 5.22913248590619 5.2667 5.26599838125439 5.26691904516774 5.2667 5.20282371833683 5.2667
30062009 5.2689 5.2689 5.2689 5.27442694745226 5.27848655766887 5.2689 5.29626082003732 5.2689 5.27548458499925 5.26764756084692 5.2689 5.36189536722222 5.2689 5.2689 5.27455986158526 5.26294923533819 5.2689 5.23102586264625 5.2689 5.26797898981332 5.26876853549811 5.2689 5.20606593322757 5.2689
30052009 5.2811 5.2811 5.2811 5.28706498855334 5.28630932398381 5.2811 5.30751669482488 5.2811 5.2889570382268 5.27997754601179 5.2811 5.37431069556023 5.2811 5.2811 5.28435366734982 5.29479525701228 5.2811 5.24541767227906 5.2811 5.28030860639676 5.28096819163043 5.2811 5.22241939811908 5.2811
30042009 5.6108 5.6108 5.6108 5.61910262780304 5.61554998491246 5.6108 5.6388629821136 5.6108 5.62034211158683 5.60851541198583 5.6108 5.70302730317786 5.6108 5.6108 5.61259977766754 5.63718869360523 5.6108 5.56874206353855 5.6108 5.61009921925397 5.61094004068442 5.6108 5.5472117982378 5.6108
30032009 5.5968 5.5968 5.5968 5.60546210384011 5.60224828483922 5.5968 5.62554169861751 5.5968 5.60860199526338 5.59380901160728 5.5968 5.66168255935987 5.5968 5.5968 5.59572569582556 5.62670403670294 5.5968 5.55349535331278 5.5968 5.59596129751025 5.59698619072419 5.5968 5.53839146884002 5.5968
30022009 5.8924 5.8924 5.8924 5.90123915251973 5.88741276993925 5.8924 5.9429500684821 5.8924 5.90798261583731 5.8903116714608 5.8924 5.96070938978918 5.8924 5.8924 5.8924 5.93256208722159 5.8924 5.84377551263405 5.8924 5.89132101202897 5.89205692135473 5.8924 5.84069169599195 5.8924
30012009 5.8155 5.8155 5.8155 5.82712989233336 5.81059446472027 5.8155 5.85426331239811 5.8155 5.83294650924322 5.80978623562729 5.8155 5.84807912828574 5.8155 5.8155 5.81510294266049 5.85453007271237 5.8155 5.76978385823219 5.8155 5.81477365252218 5.81554838770072 5.8155 5.77620516444187 5.8155
30122008 5.2849 5.2849 5.2849 5.29657751835659 5.28638681986773 5.2849 5.34590091469745 5.2849 5.30596785431833 5.28401921449839 5.2849 5.3158582773218 5.2849 5.2849 5.28023781173081 5.30189375923313 5.2849 5.25263303028234 5.2849 5.2841959566885 5.28591025821404 5.2849 5.26003430107152 5.2849
30112008 5.855 5.855 5.855 5.87257315885997 5.86241925330951 5.855 5.92786085147244 5.855 5.87932036692697 5.85425782721243 5.855 5.88060241243625 5.855 5.855 5.83725383798058 5.84721716044894 5.855 5.82042086505733 5.855 5.85310113396904 5.85781148577972 5.855 5.83480795538854 5.855
30102008 5.8373 5.8373 5.8373 5.85734504323251 5.84964378526571 5.8373 5.8942100282092 5.8373 5.86228994191811 5.83836416687342 5.8373 5.83685064851913 5.8373 5.8373 5.81382421671471 5.81332633362882 5.8373 5.80801600432039 5.8373 5.83260614177476 5.84133150630755 5.8373 5.81514481555457 5.8373
30092008 5.2165 5.2165 5.2165 5.23487396934919 5.22757786906394 5.2165 5.26794153857951 5.2165 5.23787735878635 5.21621038176623 5.2165 5.22087479363621 5.2165 5.2165 5.19374821198637 5.18668659969469 5.2165 5.19364847569178 5.2165 5.20870796422252 5.21731056890339 5.2165 5.20997492186924 5.2165
30082008 5.0614 5.0614 5.0614 5.07776961259033 5.08089692602958 5.0614 5.11790997597963 5.0614 5.08242392914844 5.0614802715157 5.0614 5.06564471973743 5.0614 5.0614 5.03871970697361 5.02713548067854 5.0614 5.03574156980895 5.0614 5.05305446972023 5.0614413494492 5.0614 5.06065758117015 5.0614
30072008 4.7795 4.7795 4.7795 4.79455532042035 4.80268649271701 4.7795 4.8375567692854 4.7795 4.79927686492606 4.77968956716613 4.7795 4.77839222318692 4.7795 4.7795 4.75995065918321 4.74698849665065 4.7795 4.7559504104308 4.7795 4.77158030106503 4.77946095387088 4.7795 4.78079591582671 4.7795
30062008 4.731 4.731 4.731 4.74590254648157 4.75395120766694 4.731 4.80063656948985 4.731 4.75038776659028 4.73156348941742 4.731 4.70355450896839 4.731 4.731 4.71503736966542 4.70751940078462 4.731 4.70685710426709 4.731 4.72319925242944 4.73092268913031 4.731 4.73074209851161 4.731
30052008 4.8096 4.8096 4.8096 4.82238567234242 4.83239089239221 4.8096 4.87894829526613 4.8096 4.82873474133721 4.80998234852749 4.8096 4.78169853441859 4.8096 4.8096 4.79390599921824 4.78685194118678 4.8096 4.78435008383458 4.8096 4.80174811917306 4.81077746797432 4.8096 4.81042314548936 4.8096
30042008 4.8018 4.8018 4.8018 4.81390527653309 4.82463262371548 4.8018 4.86614380102004 4.8018 4.82052049277296 4.80271768792925 4.8018 4.8117730977753 4.8018 4.8018 4.78636297646234 4.78289826864772 4.8018 4.77474845309536 4.8018 4.79278750100945 4.80308915358746 4.8018 4.80799353845458 4.8018
30032008 4.7159 4.7159 4.7159 4.7277887237291 4.73832416805778 4.7159 4.79567569557131 4.7159 4.7333809873946 4.71653963552468 4.7159 4.70845390064484 4.7159 4.7159 4.70060098053163 4.70172421938018 4.7159 4.68983302476311 4.7159 4.70578535048192 4.7173147466634 4.7159 4.72481133862129 4.7159
30022008 4.913 4.913 4.913 4.92486146148906 4.92585590402617 4.913 4.9781913404073 4.913 4.93054285305136 4.91245121466289 4.913 4.92032319269933 4.913 4.913 4.89563518235895 4.90225518072404 4.913 4.88987103222813 4.913 4.90099233748825 4.91680045253878 4.913 4.9222837860528 4.913
30012008 5.012 5.012 5.012 5.02152683714404 5.01927541120695 5.012 5.0779816723356 5.012 5.0304582579329 5.01120154187189 5.012 5.02321276346464 5.012 5.012 4.99526321496728 5.00512950310021 5.012 4.98830375725732 5.012 4.99588580675622 5.01320391137511 5.012 5.01843165683407 5.012
30122007 5.0753 5.0753 5.0753 5.08569007822059 5.08266088631619 5.0753 5.13088962135268 5.0753 5.09480302940478 5.07570412625379 5.0753 5.08329013796663 5.0753 5.0753 5.05728662467297 5.06625365573056 5.0753 5.04986068722979 5.0753 5.05776738454568 5.07631323261043 5.0753 5.08420972005253 5.0753
30112007 5.0522 5.0522 5.0522 5.05923742663008 5.05514246068544 5.0522 5.10581893437281 5.0522 5.07121046162253 5.05211951571125 5.0522 5.05564430949148 5.0522 5.0522 5.03774408863867 5.04313517117584 5.0522 5.02644753200452 5.0522 5.03374224743446 5.05328661206252 5.0522 5.05965526255791 5.0522
30102007 5.16 5.16 5.16 5.16530208502406 5.16150634981241 5.16 5.22010283892057 5.16 5.17949860461452 5.1601233107511 5.16 5.16240728405881 5.16 5.16 5.14813346267484 5.14713728217038 5.16 5.13211669723719 5.16 5.14004290490073 5.16073825041256 5.16 5.16722882042357 5.16
30092007 5.2574 5.2574 5.2574 5.26205055196854 5.2581710493994 5.2574 5.32003624005051 5.2574 5.27714054956116 5.25769330104017 5.2574 5.26350270965482 5.2574 5.2574 5.24897764923984 5.23909236622931 5.2574 5.22914661993945 5.2574 5.23631702616671 5.25773387738562 5.2574 5.26476527141374 5.2574
30082007 5.4353 5.4353 5.4353 5.44090471118051 5.44732251156149 5.4353 5.49711680934753 5.4353 5.4554041833051 5.4360806910688 5.4353 5.4353 5.4353 5.4353 5.4247058682533 5.40877525323978 5.4353 5.40834476319416 5.4353 5.41315985100333 5.43633401547492 5.4353 5.44138716664602 5.4353
30072007 5.4285 5.4285 5.4285 5.43487532492181 5.44125813713622 5.4285 5.48108617026163 5.4285 5.44779654535429 5.42871681478196 5.4285 5.43991167117387 5.4285 5.4285 5.41638885142615 5.39970726157216 5.4285 5.4015800148588 5.4285 5.4053592305999 5.42845702121424 5.4285 5.43457955110811 5.4285
30062007 5.5107 5.5107 5.5107 5.51879822441138 5.52527244313511 5.5107 5.55722578576901 5.5107 5.5300678681081 5.51105238036055 5.5107 5.53348766640302 5.5107 5.5107 5.49838485289869 5.48142223042769 5.5107 5.48286307983872 5.5107 5.4872522699653 5.5107 5.5107 5.51815358680981 5.5107
30052007 5.5369 5.5369 5.5369 5.5446398232795 5.54910405195019 5.5369 5.58469726792292 5.5369 5.55600467309014 5.53734295557743 5.5369 5.52952916180987 5.5369 5.5369 5.52523046703451 5.51515523313386 5.5369 5.50804698857831 5.5369 5.51334079038432 5.5369 5.5369 5.54552902927929 5.5369
30042007 5.4763 5.4763 5.4763 5.4851923449998 5.48595846497364 5.4763 5.53092254385371 5.4763 5.49475599314233 5.47673852852909 5.4763 5.46900983380942 5.4763 5.4763 5.4635135799725 5.46476351177934 5.4763 5.44951471707466 5.4763 5.45299864010216 5.47634335757353 5.4763 5.48668205559295 5.4763
30032007 5.5945 5.5945 5.5945 5.60320570838515 5.60358004019678 5.5945 5.65327164182291 5.5945 5.61290487824162 5.59485870229052 5.5945 5.56676511951708 5.5945 5.5945 5.58333439465721 5.59607658201935 5.5945 5.56930950415347 5.5945 5.57065160091943 5.5945 5.5945 5.61023749370088 5.5945
30022007 5.6413 5.6413 5.6413 5.64974654977358 5.64046394214725 5.6413 5.66161507568763 5.6413 5.65949597201825 5.64148095299415 5.6413 5.63607893789041 5.6413 5.6413 5.63201427397121 5.64688743727367 5.6413 5.61630162524144 5.6413 5.6172521005035 5.64125533642367 5.6413 5.65329965784242 5.6413
30012007 5.7552 5.7552 5.7552 5.76378623383033 5.7552 5.7552 5.8071024373819 5.7552 5.77357815962712 5.75556943224846 5.7552 5.75344670026928 5.7552 5.7552 5.74319601125656 5.76010013807023 5.7552 5.73061285704297 5.7552 5.73071193570767 5.75515443031958 5.7552 5.76947893120909 5.7552
30122006 5.6614 5.6614 5.6614 5.66984629277993 5.6614 5.6614 5.71215500208592 5.6614 5.67911407857758 5.66190015384633 5.6614 5.65967527608154 5.6614 5.6614 5.65245147560498 5.66622849638046 5.6614 5.63799106163718 5.6614 5.63735568621638 5.66144482732686 5.6614 5.67889092401672 5.6614
30112006 5.6474 5.6474 5.6474 5.65455114023924 5.65074462882778 5.6474 5.70083812446171 5.6474 5.66456983978624 5.64789944650319 5.6474 5.62414322687556 5.6474 5.6474 5.6413411248754 5.64579265651501 5.6474 5.62522425408237 5.6474 5.62337061886911 5.6474 5.6474 5.669833898836 5.6474
30102006 5.871 5.871 5.871 5.87842763925331 5.87971203098126 5.871 5.92171771568489 5.871 5.88832889898127 5.87161434139162 5.871 5.84682241119567 5.871 5.871 5.86093795085413 5.85595229568317 5.871 5.84994952192356 5.871 5.84601921297952 5.871 5.871 5.89760453936072 5.871
30092006 5.8907 5.8907 5.8907 5.90040274660402 5.89947250644127 5.8907 5.93387275803245 5.8907 5.90746888819132 5.89027321497059 5.8907 5.89438170463285 5.8907 5.8907 5.87256817867236 5.8655569625509 5.8907 5.86809181814569 5.8907 5.8656353905465 5.8907 5.8907 5.91338618257617 5.8907
30082006 5.8045 5.8045 5.8045 5.81406076402856 5.82275777158392 5.8045 5.84685092369658 5.8045 5.82144527258194 5.80623154987014 5.8045 5.77828411694939 5.8045 5.8045 5.78490654878168 5.77968251328112 5.8045 5.78147893483727 5.8045 5.77980216687781 5.80445403996212 5.8045 5.82749312575722 5.8045
30072006 5.8446 5.8446 5.8446 5.85508398906424 5.86205222982764 5.8446 5.89457215096815 5.8446 5.85991425727646 5.84526127684105 5.8446 5.84957898592542 5.8446 5.8446 5.82437357937463 5.81529321122175 5.8446 5.82144648072576 5.8446 5.8197776245558 5.84344174007721 5.8446 5.86627412081933 5.8446
30062006 5.8674 5.8674 5.8674 5.87706436848328 5.88230885224849 5.8674 5.93982681436291 5.8674 5.8821084780876 5.8678747279791 5.8674 5.83841673964044 5.8674 5.8674 5.84749126225612 5.84388226258078 5.8674 5.84483591692678 5.8674 5.84363886100241 5.867167093648 5.8674 5.88824252774471 5.8674
30052006 5.7956 5.7956 5.7956 5.80427757854887 5.80684783561837 5.7956 5.85402823364047 5.7956 5.80965843272956 5.79583462543219 5.7956 5.79918529317806 5.7956 5.7956 5.77882379301105 5.78481737941338 5.7956 5.77252580988629 5.7956 5.77235876228778 5.7949092004504 5.7956 5.81798133199496 5.7956
30042006 5.951 5.951 5.951 5.95991025432127 5.96254942883652 5.951 6.04159004517688 5.951 5.96519389657284 5.95143395197266 5.951 5.91698100628168 5.951 5.951 5.93494589572377 5.94585873610318 5.951 5.92832639161163 5.951 5.92784214663876 5.95005267485996 5.951 5.96874715881021 5.951
30032006 6.1652 6.1652 6.1652 6.17591801538184 6.17632862551797 6.1652 6.23671637383949 6.1652 6.17945417993943 6.16610035802362 6.1652 6.12995652830244 6.1652 6.1652 6.14710245382785 6.15356995826239 6.1652 6.14167892380458 6.1652 6.14218636363877 6.16470856492337 6.1652 6.18180000987544 6.1652
30022006 6.2829 6.2829 6.2829 6.2939327140676 6.28384900693574 6.2829 6.3914403651195 6.2829 6.29650677297534 6.28356366064328 6.2829 6.27734589192081 6.2829 6.2829 6.26207227671725 6.26735138506844 6.2829 6.25857459566255 6.2829 6.25994599707176 6.2818969664413 6.2829 6.29894569118872 6.2829
30012006 6.1593 6.1593 6.1593 6.17055030987058 6.16301378144658 6.1593 6.22799381711419 6.1593 6.17198714953684 6.1593 6.1593 6.15385515480238 6.1593 6.1593 6.14197005916898 6.14756873518264 6.1593 6.13909339964875 6.1593 6.13777742388007 6.15865982450494 6.1593 6.17365437478177 6.1593
30122005 6.3241 6.3241 6.3241 6.33467818253192 6.32886895444163 6.3241 6.33189436399879 6.3241 6.33712661055411 6.32482034931281 6.3241 6.29598954449393 6.3241 6.3241 6.30591143336882 6.30653394376922 6.3241 6.30424208006249 6.3241 6.3026566351195 6.32328989287943 6.3241 6.33843328707058 6.3241
30112005 6.3333 6.3333 6.3333 6.34386465359691 6.33997518535967 6.3333 6.33915031285297 6.3333 6.34562276017579 6.3341773208005 6.3333 6.30949242183904 6.3333 6.3333 6.31097668976 6.30842447315369 6.3333 6.31238573106403 6.3333 6.31263407868614 6.33218246896669 6.3333 6.34343530893851 6.3333
30102005 6.2067 6.2067 6.2067 6.21894908405499 6.21982017685176 6.2067 6.21305895909477 6.2067 6.21791509628999 6.20690249914614 6.2067 6.18336832530093 6.2067 6.2067 6.18336518396606 6.178595240985 6.2067 6.18699063605585 6.2067 6.1875389927882 6.20590201835656 6.2067 6.21687084456775 6.2067
30092005 6.197 6.197 6.197 6.20837109800772 6.20736059811078 6.197 6.19877994150107 6.197 6.20799502763412 6.197 6.197 6.18666517238307 6.197 6.197 6.17813057481399 6.17231507578306 6.197 6.17746681614986 6.197 6.17866331516184 6.19640163175894 6.197 6.21299718435618 6.197
30082005 6.1143 6.1143 6.1143 6.1245741252755 6.13486551461234 6.1143 6.11330041852796 6.1143 6.125148297154 6.11434988272347 6.1143 6.12271152681715 6.1143 6.1143 6.09836122868512 6.088898065822 6.1143 6.09569872152349 6.1143 6.09679671412295 6.11311723518198 6.1143 6.12950584404045 6.1143
30072005 6.1681 6.1681 6.1681 6.17702962207104 6.18692290900279 6.1681 6.17683090125286 6.1681 6.17899334129163 6.16815032657078 6.1681 6.17658554021897 6.1681 6.1681 6.15521653078646 6.14514373034242 6.1681 6.14992836791844 6.1681 6.15163268846787 6.16700381165773 6.1681 6.18798853866062 6.1681
30062005 6.1623 6.1623 6.1623 6.16980826554918 6.17827333998835 6.1623 6.12356515729455 6.1623 6.17313273040971 6.16224972116263 6.1623 6.15197383731779 6.1623 6.1623 6.14801904016867 6.14397025800743 6.1623 6.14623167244515 6.1623 6.14694060095864 6.16210061475493 6.1623 6.17597892887488 6.1623
30052005 6.0354 6.0354 6.0354 6.04460196228309 6.04917651589645 6.0354 6.00460828289954 6.0354 6.04605898283613 6.03535076137366 6.0354 6.0252864835772 6.0354 6.0354 6.01822021004034 6.0165598650592 6.0354 6.01503902968453 6.0354 6.02055169534119 6.03437360847973 6.0354 6.05071204205386 6.0354
30042005 5.7467 5.7467 5.7467 5.7532911114042 5.75723484193642 5.7467 5.70862799716279 5.7467 5.75689608283121 5.7467 5.7467 5.76857784594831 5.7467 5.7467 5.7315570659534 5.72951444341618 5.7467 5.72398737487127 5.7467 5.73353701186124 5.74595403846776 5.7467 5.76492430034113 5.7467
30032005 5.7463 5.7463 5.7463 5.752482226162 5.75778125242942 5.7463 5.71246451502326 5.7463 5.75649537313119 5.74625312452836 5.7463 5.76817632313724 5.7463 5.7463 5.73191846798594 5.73420055024937 5.7463 5.7219627497517 5.7463 5.73388222576941 5.74569308434505 5.7463 5.76265221745465 5.7463
30022005 5.6144 5.6144 5.6144 5.6191873287753 5.6144 5.6144 5.58526308896185 5.6144 5.62440723067876 5.61435420498616 5.6144 5.63781251666344 5.6144 5.6144 5.60069283057831 5.60846733669575 5.6144 5.58897912934812 5.6144 5.6028590277598 5.61339480914407 5.6144 5.63243408872008 5.6144
30012005 5.709 5.709 5.709 5.71474286334896 5.70812270451122 5.709 5.72176182786422 5.709 5.71922249783031 5.709 5.709 5.71588922288927 5.709 5.709 5.69370770175145 5.70641381498628 5.709 5.68312786243726 5.709 5.69828477722166 5.7084415259818 5.709 5.72935890963016 5.709
30122004 5.4676 5.4676 5.4676 5.47351511220373 5.46676134667149 5.4676 5.50889153098693 5.4676 5.47739024857892 5.4675554067555 5.4676 5.44925063329079 5.4676 5.4676 5.45173698216566 5.45852370273996 5.4676 5.44465270333346 5.4676 5.45787176870111 5.46657314057541 5.4676 5.48470837884985 5.4676
30112004 5.5876 5.5876 5.5876 5.59536612722581 5.5918872781331 5.5876 5.6293953448787 5.5876 5.59765077371591 5.5876 5.5876 5.60308331506002 5.5876 5.5876 5.57268767327602 5.57323245343093 5.5876 5.56710593667315 5.5876 5.5787059846389 5.5868228172235 5.5876 5.61122826001112 5.5876
30102004 5.8354 5.8354 5.8354 5.84080570601833 5.83809098622024 5.8354 5.90087488238966 5.8354 5.84589650743464 5.83544759337575 5.8354 5.85156997220653 5.8354 5.8354 5.82290954516458 5.82209822535232 5.8354 5.81613328799847 5.8354 5.82692202129659 5.83468270610171 5.8354 5.85748887850855 5.8354
30092004 5.9969 5.9969 5.9969 6.00296060935067 5.99782680633919 5.9969 6.06398909531411 5.9969 6.00763800967571 5.9969 5.9969 6.00223170507953 5.9969 5.9969 5.98402843568463 5.97951062214416 5.9969 5.98144931895509 5.9969 5.98892355071353 5.99601399843983 5.9969 6.02226677995217 5.9969
30082004 6.1415 6.1415 6.1415 6.14817511914698 6.15197802606446 6.1415 6.2095232798855 6.1415 6.15249692948413 6.14144991048887 6.1415 6.14696026559488 6.1415 6.1415 6.12640923239328 6.11801333662755 6.1415 6.12324607615704 6.1415 6.13423751116619 6.14064156077774 6.1415 6.16580210415251 6.1415
30072004 6.1763 6.1763 6.1763 6.18202680876069 6.18968328167142 6.1763 6.239231156647 6.1763 6.1874097060816 6.17635037374759 6.1763 6.17286147773247 6.1763 6.1763 6.15971026665097 6.14604043623116 6.1763 6.15411968574061 6.1763 6.1698587623501 6.17512972051207 6.1763 6.20463608353858 6.1763
30062004 6.1148 6.1148 6.1148 6.12140915549473 6.12897782464121 6.1148 6.18336198503359 6.1148 6.12574912063983 6.11484987703668 6.1148 6.10603723465623 6.1148 6.1148 6.09974709631582 6.08947864819681 6.1148 6.09030523400541 6.1148 6.1095805379923 6.11464866791123 6.1148 6.14603906277943 6.1148
30052004 6.0738 6.0738 6.0738 6.07802550936528 6.08604723169712 6.0738 6.14651403308131 6.0738 6.08462607539482 6.07394865814216 6.0738 6.06509598937905 6.0738 6.0738 6.0621940352992 6.05728128580274 6.0738 6.05144695257672 6.0738 6.06876572752198 6.0738 6.0738 6.09773630540028 6.0738
30042004 6.2285 6.2285 6.2285 6.23236281306059 6.23717717343936 6.2285 6.31670930597514 6.2285 6.23944910363937 6.22860165411357 6.2285 6.2113918957881 6.2285 6.2285 6.21956820256192 6.2157756365763 6.2285 6.20554345714544 6.2285 6.22333750434171 6.2285 6.2285 6.24584424032243 6.2285
30032004 6.0903 6.0903 6.0903 6.09502695486418 6.10171253427111 6.0903 6.11328531824181 6.0903 6.10090658965136 6.09010122717155 6.0903 6.08688326908916 6.0903 6.0903 6.08193056595731 6.08112842857684 6.0903 6.06948011568797 6.0903 6.08525205148789 6.09035024771982 6.0903 6.10381879229439 6.0903
30022004 6.0009 6.0009 6.0009 6.00652009631547 6.0037393995463 6.0009 6.07842907123999 6.0009 6.01154709719697 6.00080210044588 6.0009 6.0038069179222 6.0009 6.0009 5.99135041903465 5.99429651036493 6.0009 5.98166769964477 6.0009 5.99587668204227 6.00085049027895 6.0009 6.01262146699925 6.0009
30012004 6.0154 6.0154 6.0154 6.0224675549281 6.01348167713203 6.0154 6.08250126843528 6.0154 6.02617113565396 6.01515474674672 6.0154 6.01670161275687 6.0154 6.0154 6.00620124482982 6.01290966549052 6.0154 5.99359549569577 6.0154 6.01041413239417 6.01530072696335 6.0154 6.02692978072838 6.0154
30122003 5.9576 5.9576 5.9576 5.96509617790729 5.95669173480555 5.9576 6.05177329406447 5.9576 5.96851098090025 5.9576971471903 5.9576 5.95089466518349 5.9576 5.9576 5.94892155752611 5.95184662847587 5.9576 5.93303255595521 5.9576 5.9527602792401 5.9576983207773 5.9576 5.96551661166838 5.9576
30112003 6.2895 6.2895 6.2895 6.29688959781898 6.28557991993323 6.2895 6.38848183934622 6.2895 6.30091609004929 6.28960257936702 6.2895 6.29771184854766 6.2895 6.2895 6.27904329619003 6.28257321336733 6.2895 6.25831246131689 6.2895 6.28428694445808 6.2895518912096 6.2895 6.29286149296042 6.2895
30102003 6.3963 6.3963 6.3963 6.40631714982745 6.39532663358324 6.3963 6.47710107365767 6.3963 6.40780543416119 6.39640434165592 6.3963 6.39407295037015 6.3963 6.3963 6.38433261539495 6.39102469056082 6.3963 6.35851522352725 6.3963 6.39094569503691 6.3963 6.3963 6.39321322234899 6.3963
30092003 6.3728 6.3728 6.3728 6.38185943447175 6.37075818929894 6.3728 6.47098952130692 6.3728 6.38415901960488 6.37285198657268 6.3728 6.36790311945608 6.3728 6.3728 6.36173148548761 6.36488180321433 6.3728 6.3316072310462 6.3728 6.36746536674815 6.37290514176387 6.3728 6.36753917182141 6.3728
30082003 6.7961 6.7961 6.7961 6.806814285887 6.80561546978719 6.7961 6.90615334359894 6.7961 6.80815798084626 6.7961 6.7961 6.78671420442814 6.7961 6.7961 6.78425678709872 6.78195012280473 6.7961 6.75205405231218 6.7961 6.79029899493843 6.79598787626278 6.7961 6.78820912581403 6.7961
30072003 6.5657 6.5657 6.5657 6.57757258850744 6.58323668652892 6.5657 6.67477774065418 6.5657 6.57734919363198 6.56548579514597 6.5657 6.56842492777502 6.5657 6.5657 6.5542487142751 6.54834577515188 6.5657 6.52262604563818 6.5657 6.56020389129713 6.56683642619538 6.5657 6.56003024076853 6.5657
30062003 6.5021 6.5021 6.5021 6.5138575822432 6.51946681381721 6.5021 6.60513218819933 6.5021 6.51384886454753 6.5021 6.5021 6.50654651318032 6.5021 6.5021 6.49119921548935 6.48943754236965 6.5021 6.46081301899498 6.5021 6.49553284918902 6.50231408557641 6.5021 6.4978795487833 6.5021
30052003 6.2802 6.2802 6.2802 6.2930045724654 6.29889194540356 6.2802 6.37971596381622 6.2802 6.29154790592753 6.27784990862741 6.2802 6.28454468059856 6.2802 6.2802 6.26880411663697 6.26623604077974 6.2802 6.24090431250374 6.2802 6.27365040547109 6.2802 6.2802 6.2780315296853 6.2802
30042003 6.6699 6.6699 6.6699 6.68563458892037 6.69182595865907 6.6699 6.76471862816681 6.6699 6.68445343366309 6.66979171624977 6.6699 6.65572304045298 6.6699 6.6699 6.65311911009025 6.65044969393381 6.6699 6.63146595735971 6.6699 6.66294398895762 6.66984510664034 6.6699 6.67242962995144 6.6699
30032003 6.8163 6.8163 6.8163 6.83253525650345 6.83788440512573 6.8163 6.92523503564126 6.8163 6.83128377590426 6.81541554139323 6.8163 6.79723164601432 6.8163 6.8163 6.79953523742576 6.80109330940692 6.8163 6.77873368616685 6.8163 6.80924734919498 6.81635609869517 6.8163 6.82616124424709 6.8163
30022003 6.8894 6.8894 6.8894 6.90427167532386 6.90147686462544 6.8894 6.98330303627168 6.8894 6.90544049146766 6.88850744597531 6.8894 6.90370893827588 6.8894 6.8894 6.87478134938179 6.87973332455726 6.8894 6.85329919429351 6.8894 6.88221507331814 6.88928659517169 6.8894 6.90068230694871 6.8894
30012003 6.8757 6.8757 6.8757 6.88997437093458 6.88220672819327 6.8757 6.93603846259351 6.8757 6.89260156275577 6.8751439519837 6.8757 6.88998048406298 6.8757 6.8757 6.86252898616262 6.86989526019466 6.8757 6.83996134826339 6.8757 6.86864242413394 6.8757 6.8757 6.88762875762846 6.8757
30122002 7.0822 7.0822 7.0822 7.09808225072031 7.08890214675021 7.0822 7.10870160699476 7.0822 7.10018337487527 7.08025699218092 7.0822 7.07738378847796 7.0822 7.0822 7.06917427817064 7.07224604239866 7.0822 7.04164318449291 7.0822 7.07493046180045 7.08278269094652 7.0822 7.08907649670445 7.0822
30112002 7.4807 7.4807 7.4807 7.49623038769148 7.48894602064346 7.4807 7.49342590002891 7.4807 7.50175337294765 7.48063973131378 7.4807 7.46532265762375 7.4807 7.4807 7.4680096577464 7.47018595484054 7.4807 7.43697222014993 7.4807 7.47240662532848 7.48321744482306 7.4807 7.48796342222712 7.4807
30102002 7.5344 7.5344 7.5344 7.54952577364157 7.54518660702751 7.5344 7.54569262622915 7.5344 7.5556653766576 7.53446070181238 7.5344 7.53961234379507 7.5344 7.5344 7.52482015862212 7.51846071831142 7.5344 7.49675806722556 7.5344 7.52351523833156 7.5344 7.5344 7.54351899556108 7.5344
30092002 7.5329 7.5329 7.5329 7.54745362986795 7.54493519266591 7.5329 7.54419037801571 7.5329 7.55410028247053 7.53205092856307 7.5329 7.55351168576741 7.5329 7.5329 7.52169360499567 7.51265127391366 7.5329 7.48466570176499 7.5329 7.52201740534453 7.5328383027081 7.5329 7.53556256598831 7.5329
30082002 7.5513 7.5513 7.5513 7.56529862846361 7.57066503647995 7.5513 7.57196560387368 7.5513 7.5734057037108 7.5509355638035 7.5513 7.56145664113247 7.5513 7.5513 7.54218929930387 7.52985303063089 7.5513 7.5033472400938 7.5513 7.5404525824692 7.55123814592586 7.5513 7.5525804243471 7.5513
30072002 7.5939 7.5939 7.5939 7.60793644961838 7.61825409097816 7.5939 7.59873959064695 7.5939 7.61649799385125 7.59347269565073 7.5939 7.57816054062465 7.5939 7.5939 7.58689870923478 7.57122621699699 7.5939 7.54755022783093 7.5939 7.58305350188263 7.59402440145182 7.5939 7.59498231403896 7.5939
30062002 7.4478 7.4478 7.4478 7.46097266843601 7.47416863491892 7.4478 7.45706204486683 7.4478 7.4703835823491 7.44756064788483 7.4478 7.427641810435 7.4478 7.4478 7.44039600734396 7.43087292651132 7.4478 7.40078746816779 7.4478 7.43704034721356 7.4478 7.4478 7.43780009424872 7.4478
30052002 7.9177 7.9177 7.9177 7.93367195717011 7.94185502339187 7.9177 7.92008706031925 7.9177 7.94196366924035 7.91795446160587 7.9177 7.92852416434205 7.9177 7.9177 7.90699674659886 7.90196556734524 7.9177 7.87244191976436 7.9177 7.90626149428459 7.9177 7.9177 7.90429034720454 7.9177
30042002 8.2527 8.2527 8.2527 8.27007577375554 8.27402338425803 8.2527 8.23970795943323 8.2527 8.27772423937974 8.25303168017036 8.2527 8.2527 8.2527 8.2527 8.24266614533195 8.24917847049979 8.2527 8.19759039811824 8.2527 8.24077752805517 8.25256480845897 8.2527 8.23279021993564 8.2527
30032002 8.499 8.499 8.499 8.51626721713935 8.51826252075199 8.499 8.49543657724206 8.499 8.52442848117556 8.49872673343393 8.499 8.51071494458202 8.499 8.499 8.49106975439823 8.49657067256664 8.499 8.43548088919094 8.499 8.48686073196915 8.49906961742776 8.499 8.46942638338694 8.499
30022002 8.5906 8.5906 8.5906 8.60817267120945 8.60042461709611 8.5906 8.60418790505076 8.5906 8.61657958977557 8.59122165888602 8.5906 8.60859172472729 8.5906 8.5906 8.58254961475879 8.59429250145205 8.5906 8.52541948567365 8.5906 8.57825963144887 8.5905296328302 8.5906 8.55283655454341 8.5906
30012002 8.6004 8.6004 8.6004 8.61590977073535 8.60462752686929 8.6004 8.64046351919161 8.6004 8.62578502176776 8.60005419271162 8.6004 8.61841224935913 8.6004 8.6004 8.58919890520225 8.61025722972242 8.6004 8.52998858716929 8.6004 8.5881159006033 8.60103380379208 8.6004 8.55780065385932 8.6004
30122001 8.4095 8.4095 8.4095 8.42258307038299 8.4095 8.4095 8.47522894140617 8.4095 8.43466070272336 8.4095 8.4095 8.46578075651791 8.4095 8.4095 8.39675108533793 8.41190649649686 8.4095 8.34002625646934 8.4095 8.39686976166538 8.4113560614047 8.4095 8.36658493374173 8.4095
30112001 8.3981 8.3981 8.3981 8.41324494739925 8.40637041874823 8.3981 8.43800725489573 8.3981 8.42322659463001 8.39641420919908 8.3981 8.39229415980168 8.3981 8.3981 8.38355731540116 8.39208717508354 8.3981 8.32937449268863 8.3981 8.38363653026305 8.40083714576271 8.3981 8.35278665934656 8.3981
30102001 8.2269 8.2269 8.2269 8.24236050750488 8.24028806101532 8.2269 8.2825523101403 8.2269 8.25317107336607 8.22545001188078 8.2269 8.24959695215493 8.2269 8.2269 8.20911111597651 8.21041067274346 8.2269 8.15661983939075 8.2269 8.21005551876571 8.23076970291845 8.2269 8.18591308752456 8.2269
30092001 8.1182 8.1182 8.1182 8.13492216280584 8.13278809773493 8.1182 8.17231672886221 8.1182 8.14555961206071 8.1144427940877 8.1182 8.14059706292579 8.1182 8.1182 8.09997491354637 8.10537402504222 8.1182 8.0586477079047 8.1182 8.09776911736589 8.12199714061155 8.1182 8.08494088546223 8.1182
30082001 8.1261 8.1261 8.1261 8.142172337269 8.15005821799713 8.1261 8.1395761568047 8.1261 8.15726152038372 8.12487233106587 8.1261 8.10237174640491 8.1261 8.1261 8.10785717831159 8.10739214212911 8.1261 8.0664538657771 8.1261 8.10185973787134 8.12688357850637 8.1261 8.10400432218984 8.1261
30072001 8.5069 8.5069 8.5069 8.52298072010956 8.53341537513922 8.5069 8.52100766767845 8.5069 8.54081211373925 8.50615697729062 8.5069 8.48092525797647 8.5069 8.5069 8.484110334495 8.47504223473805 8.5069 8.44733656250673 8.5069 8.48070603427602 8.50826510143464 8.5069 8.48059090416041 8.5069
30062001 8.7899 8.7899 8.7899 8.80937163909314 8.81727102920515 8.7899 8.80447698904734 8.7899 8.82571114064589 8.78996976471014 8.7899 8.78335933921922 8.7899 8.7899 8.7637187588036 8.76076197443822 8.7899 8.73104424589764 8.7899 8.76142869103988 8.79158906684616 8.7899 8.76921468558706 8.7899
30052001 8.7874 8.7874 8.7874 8.80694351752746 8.81044608721854 8.7874 8.80197284309885 8.7874 8.82313092687517 8.78593687855279 8.7874 8.78086119949657 8.7874 8.7874 8.76371482058257 8.76326698303304 8.7874 8.72993264652916 8.7874 8.75725399518279 8.79153520849482 8.7874 8.78032870175331 8.7874
30042001 8.3899 8.3899 8.3899 8.40855946215077 8.41190359232023 8.3899 8.4038136372892 8.3899 8.42541748098507 8.38952350364012 8.3899 8.34974976499687 8.3899 8.3899 8.37029615305919 8.37043356870513 8.3899 8.33567488177313 8.3899 8.35718490021985 8.39329482733464 8.3899 8.39582115648089 8.3899
30032001 8.4719 8.4719 8.4719 8.48884013530317 8.49157835494076 8.4719 8.48594962439962 8.4719 8.5081464193034 8.47170998656368 8.4719 8.43135735039476 8.4719 8.4719 8.44829401522829 8.44725027789185 8.4719 8.42026905232633 8.4719 8.43545189495697 8.47310576445832 8.4719 8.48024531601684 8.4719
30022001 8.0999 8.0999 8.0999 8.11563454321072 8.10481074143894 8.0999 8.11333270726454 8.0999 8.13473729518792 8.09971837891058 8.0999 8.08518362551651 8.0999 8.0999 8.07680862922492 8.08206233081384 8.0999 8.05423977729319 8.0999 8.06390462993708 8.10639785789474 8.0999 8.11585107313353 8.0999
30112000 8.5995 8.5995 8.5995 8.6189243223667 8.61519232130194 8.5995 8.62722114483662 8.5995 8.63781790240427 8.59916039009388 8.5995 8.57309884041952 8.5995 8.5995 8.57521584839104 8.57701191334249 8.5995 8.53242053118191 8.5995 8.55442196161258 8.5995 8.5995 8.63607612012011 8.5995
30102000 8.8645 8.8645 8.8645 8.8845607101452 8.88070618642295 8.8645 8.88288711660482 8.8645 8.9043503461187 8.86045204996416 8.8645 8.80331959523061 8.8645 8.8645 8.83942290185199 8.84390244589927 8.8645 8.79185408382808 8.8645 8.81803284827196 8.8645693527882 8.8645 8.90567170116449 8.8645
30092000 8.4653 8.4653 8.4653 8.48196078657825 8.47822595121767 8.4653 8.4688366789062 8.4653 8.50724055160409 8.4682318021213 8.4653 8.40687476671055 8.4653 8.4653 8.44210921553567 8.44400262382078 8.4653 8.3990926372801 8.4653 8.42085954767758 8.46516753616573 8.4653 8.50493263086678 8.4653
30082000 8.3311 8.3311 8.3311 8.35200202672522 8.35474765904766 8.3311 8.35430604165175 8.3311 8.36947705443238 8.33037770051579 8.3311 8.34326277303604 8.3311 8.3311 8.30700010374898 8.29941865174832 8.3311 8.26968790241625 8.3311 8.28749374161036 8.33136070942709 8.3311 8.37031868699001 8.3311
30072000 8.064 8.064 8.064 8.08569178126123 8.09045502521095 8.064 8.07402153560475 8.064 8.10184908695843 8.06775952456118 8.064 8.07577282732924 8.064 8.064 8.03983271590659 8.03255251912775 8.064 8.00876003096061 8.064 8.02154076185012 8.06393692238492 8.064 8.10215647058153 8.064
30062000 7.7895 7.7895 7.7895 7.81057028365233 7.81287706115076 7.7895 7.78347427267166 7.7895 7.82241380283275 7.79259345870902 7.7895 7.72222527632803 7.7895 7.7895 7.76994501420735 7.76669726065371 7.7895 7.73713777751409 7.7895 7.74854669199866 7.78791395299611 7.7895 7.82636571489994 7.7895
30052000 8.0002 8.0002 8.0002 8.02068711461818 8.02174406097041 8.0002 8.02604390867975 8.0002 8.03081480344416 8.00256074335246 8.0002 7.92049803758118 8.0002 8.0002 7.98047112529423 7.9766474270643 8.0002 7.94699530473035 8.0002 7.95975965059031 7.99862993494753 8.0002 8.03954694627221 8.0002
30042000 8.208 8.208 8.208 8.22962991745255 8.23014563387725 8.208 8.23451518742574 8.208 8.23697938955669 8.20944413485662 8.208 8.19819186239638 8.208 8.208 8.18322516915158 8.18221226303116 8.208 8.15347590541808 8.208 8.16811225714917 8.20690241893381 8.208 8.24196074677581 8.208
30032000 7.7895 7.7895 7.7895 7.80895043593689 7.80826891698411 7.7895 7.79417637686583 7.7895 7.81562672221929 7.79099841366443 7.7895 7.78019194835973 7.7895 7.7895 7.76933832426807 7.7695539175957 7.7895 7.74249362417843 7.7895 7.75268270282776 7.7887637174886 7.7895 7.8250899824144 7.7895
30022000 7.6464 7.6464 7.6464 7.66621768950271 7.66306502064739 7.6464 7.65099046768944 7.6464 7.67057121510429 7.64744390670583 7.6464 7.61496286773357 7.6464 7.6464 7.62956398510654 7.63124549744399 7.6464 7.59635204072285 7.6464 7.61097847734126 7.64471048022778 7.6464 7.68088335470638 7.6464
30012000 7.5882 7.5882 7.5882 7.60667251206739 7.60647927409919 7.5882 7.60061256720189 7.5882 7.61114814368437 7.58832198207649 7.5882 7.5516642539707 7.5882 7.5882 7.57145231871838 7.5723155100855 7.5882 7.53916191941506 7.5882 7.55471734752211 7.58729991088638 7.5882 7.61913077879175 7.5882
30121999 7.3988 7.3988 7.3988 7.41681144174958 7.41662302696358 7.3988 7.41090275193239 7.3988 7.42105606727064 7.39862160604585 7.3988 7.39308405381945 7.3988 7.3988 7.38281342905609 7.38331198387241 7.3988 7.35402366821233 7.3988 7.3670269222713 7.39950227334197 7.3988 7.42486688603512 7.3988
30111999 7.3505 7.3505 7.3505 7.36842690418431 7.36835236312776 7.3505 7.3638107019755 7.3505 7.3727885445443 7.3513867243229 7.3505 7.34482136800561 7.3505 7.3505 7.33500529610002 7.33588817445759 7.3505 7.30761600897415 7.3505 7.31823971285813 7.34922046827185 7.3505 7.37027273723758 7.3505
30101999 7.088 7.088 7.088 7.10443278427052 7.10623314887178 7.088 7.11643611265712 7.088 7.10863503219432 7.09074489792422 7.088 7.07161784744219 7.088 7.088 7.07270189357614 7.06748055145005 7.088 7.0451598835766 7.088 7.05812042361221 7.08811228425947 7.088 7.10209624786999 7.088
30091999 6.9637 6.9637 6.9637 6.97937421856749 6.98169772880093 6.9637 6.98164754328122 6.9637 6.98126959667991 6.96358740713159 6.9637 6.98624543415177 6.9637 6.9637 6.95070823111417 6.94548302241601 6.9637 6.91918289101504 6.9637 6.93423456384246 6.96287218041003 6.9637 6.97788955323648 6.9637
30081999 7.0575 7.0575 7.0575 7.07118993021316 7.07870245579478 7.0575 7.09048026269737 7.0575 7.07542065575417 7.05698679566763 7.0575 7.06488858501777 7.0575 7.0575 7.04501462837306 7.04040897238843 7.0575 7.00903769881747 7.0575 7.02847318840718 7.05705204694771 7.0575 7.07820931868593 7.0575
30071999 6.9487 6.9487 6.9487 6.96247963190037 6.97072947818739 6.9487 6.97829038409243 6.9487 6.96685099946935 6.94903683318522 6.9487 6.95597468093701 6.9487 6.9487 6.93745137705827 6.93257338406509 6.9487 6.90197009866565 6.9487 6.92055993343687 6.94743019022016 6.9487 6.96418238486912 6.9487
30061999 7.2041 7.2041 7.2041 7.21639010809913 7.22182093054967 7.2041 7.22720936729832 7.2041 7.22256803210405 7.20415822083043 7.2041 7.14260444321227 7.2041 7.2041 7.19170911645451 7.18804871439078 7.2041 7.15464266401609 7.2041 7.17623703317739 7.20398537720429 7.2041 7.2143362065631 7.2041
