30042017 1.29415 1.29415 1.29415 1.29669015575172 1.29628445728353 1.29415 1.30079284455779 1.29415 1.29511663159513 1.29426764174749 1.29415 1.29247901778282 1.29415 1.29415 1.2917064622501 1.29119734894353 1.29415 1.28348302432479 1.29415 1.29395606653318 1.29406384681501 1.29415 1.29556480801248 1.29415
30032017 1.24525 1.24525 1.24525 1.24807835899645 1.24749371492031 1.24525 1.25170518571664 1.24525 1.24606683615789 1.24538393830422 1.24525 1.24496868276123 1.24525 1.24525 1.24288942684508 1.24280189356264 1.24525 1.2355192987384 1.24525 1.24514628533686 1.24534326202363 1.24525 1.2481767494135 1.24525
30022017 1.244 1.244 1.244 1.24664173136959 1.24587097037317 1.244 1.25068285986506 1.244 1.24468213898047 1.2440102992495 1.244 1.244 1.244 1.244 1.24204480858919 1.24236714489651 1.244 1.2343536752971 1.244 1.24380323577779 1.244 1.244 1.24732871170113 1.244
30012017 1.24615 1.24615 1.24615 1.24823631116 1.24652562933842 1.24615 1.25328281953407 1.24615 1.24682299529694 1.24626355995109 1.24615 1.24567955864065 1.24615 1.24615 1.24450671339405 1.24349279172046 1.24615 1.23641533465258 1.24615 1.245952895711 1.24605667756088 1.24615 1.25063981895912 1.24615
30122016 1.2302 1.2302 1.2302 1.23197610122461 1.23112852444962 1.2302 1.2379249175998 1.2302 1.23075222457318 1.23033264878853 1.2302 1.2307582949937 1.2302 1.2302 1.22908228210938 1.22816623517696 1.2302 1.21968561269788 1.2302 1.23009753882466 1.2302 1.2302 1.23215823777532 1.2302
30112016 1.2452 1.2452 1.2452 1.24689919619618 1.24745991279834 1.2452 1.25307140302451 1.2452 1.24562464594235 1.24521033485358 1.2452 1.24613688089454 1.2452 1.2452 1.24427002890305 1.24313741840711 1.2452 1.23465837629542 1.2452 1.24509628950128 1.245282900041 1.2452 1.24394157133581 1.2452
30102016 1.2171 1.2171 1.2171 1.21857753731342 1.21987058587344 1.2171 1.2243898928222 1.2171 1.21750495811192 1.2171 1.2171 1.21810689723964 1.2171 1.2171 1.21619012713137 1.21528093446046 1.2171 1.20770842096702 1.2171 1.21691761277868 1.2170493670349 1.2171 1.21740568904052 1.2171
30092016 1.2961 1.2961 1.2961 1.29727989330351 1.29965265883078 1.2961 1.30393707496038 1.2961 1.29653124329049 1.2961 1.2961 1.29726714319582 1.2961 1.2961 1.29545682232859 1.2937341465665 1.2961 1.28679612807294 1.2961 1.29595968795012 1.2961539217125 1.2961 1.29685893906559 1.2961
30082016 1.3138 1.3138 1.3138 1.3147965933439 1.31740446859629 1.3138 1.3213409824786 1.3138 1.31423713250139 1.31381090530283 1.3138 1.31439034066966 1.3138 1.3138 1.31314612103077 1.3113947700632 1.3138 1.30537501633631 1.3138 1.3136031219034 1.31404018889877 1.3138 1.3161163179339 1.3138
30072016 1.3177 1.3177 1.3177 1.31879904993831 1.32171748680188 1.3177 1.3251440880233 1.3177 1.31812748890062 1.31771093876468 1.3177 1.31839548958438 1.3177 1.3177 1.31725992015148 1.31703537312152 1.3177 1.30993997343125 1.3177 1.31726171570348 1.3177 1.3177 1.31935397856696 1.3177
30062016 1.3488 1.3488 1.3488 1.34992806870329 1.35167725893003 1.3488 1.35617029094763 1.3488 1.34922637790037 1.34881119805397 1.3488 1.35032875511332 1.3488 1.3488 1.34846914244785 1.34857963564976 1.3488 1.34489164890752 1.3488 1.34835137143572 1.34885596332293 1.3488 1.35026715032374 1.3488
30052016 1.4618 1.4618 1.4618 1.46314049944245 1.46313681167263 1.4618 1.46938598152034 1.4618 1.46224995911982 1.4618 1.4618 1.46311992252463 1.4618 1.4618 1.46142981626841 1.4620390995183 1.4618 1.4582147766297 1.4618 1.46125315701544 1.4618 1.4618 1.46339006549766 1.4618
30042016 1.4614 1.4614 1.4614 1.46240821544391 1.46162316562562 1.4614 1.46872800422766 1.4614 1.46184983599514 1.46141213409446 1.4614 1.46382673828815 1.4614 1.4614 1.46102991756373 1.46163903409224 1.4614 1.45738616915242 1.4614 1.46085330665096 1.46133936728431 1.4614 1.46102705087806 1.4614
30032016 1.4403 1.4403 1.4403 1.44152130936166 1.43897922647025 1.4403 1.44696985426972 1.4403 1.44073137868699 1.44027608368957 1.4403 1.44146628685232 1.4403 1.4403 1.43994457355501 1.44150214868418 1.4403 1.43577392165757 1.4403 1.43982093733606 1.4403 1.4403 1.43980615394542 1.4403
30022016 1.3854 1.3854 1.3854 1.3868987922392 1.38370634958116 1.3854 1.39229481480398 1.3854 1.38583794776332 1.38544601511312 1.3854 1.38621327014235 1.3854 1.3854 1.3850574142973 1.38633148781421 1.3854 1.38255939485529 1.3854 1.38493919779586 1.3854 1.3854 1.38551871974988 1.3854
30012016 1.4304 1.4304 1.4304 1.431282422261 1.42843200013381 1.4304 1.43736091237831 1.4304 1.43080464980717 1.43051886026754 1.4304 1.43250575138213 1.4304 1.4304 1.43012360845925 1.42984727032474 1.4304 1.42875508027414 1.4304 1.42992423020586 1.43034062389617 1.4304 1.43003195648305 1.4304
30122015 1.4819 1.4819 1.4819 1.48246893408163 1.48122007299376 1.4819 1.48938146686573 1.4819 1.48219605448102 1.48204793113811 1.4819 1.48331450927462 1.4819 1.4819 1.48180079994115 1.48170160652286 1.4819 1.48127082312145 1.4819 1.48146859659905 1.48196151642958 1.4819 1.48316324510017 1.4819
30112015 1.5006 1.5006 1.5006 1.50082946714858 1.50197986547043 1.5006 1.50774993021187 1.5006 1.50074997753022 1.5005875106637 1.5006 1.50015897089056 1.5006 1.5006 1.50070030637448 1.49981853572755 1.5006 1.49957577229381 1.5006 1.50010088076546 1.5006 1.5006 1.50276753760194 1.5006
30102015 1.5349 1.5349 1.5349 1.53478281863522 1.53678389903642 1.5349 1.54260735756633 1.5349 1.53506618183988 1.5349 1.5349 1.53433538625144 1.5349 1.5349 1.53509402895542 1.53370986908009 1.5349 1.53460338057855 1.5349 1.53438947213574 1.53483628608657 1.5349 1.53633565970331 1.5349
30092015 1.5199 1.5199 1.5199 1.52013199273784 1.52387611988534 1.5199 1.52740287923372 1.5199 1.52006455780731 1.51988735129511 1.5199 1.51866698763431 1.5199 1.5199 1.51980962927348 1.51792869847716 1.5199 1.51961041316566 1.5199 1.51945753422693 1.51996309388037 1.5199 1.52222822435633 1.5199
30082015 1.5389 1.5389 1.5389 1.53901728080681 1.54411919745375 1.5389 1.54607837089583 1.5389 1.53907942323251 1.53891280693068 1.5389 1.53720084755542 1.5389 1.5389 1.53870488068548 1.53710551828611 1.5389 1.53805344464405 1.5389 1.5383881416833 1.5389 1.5389 1.53994723272508 1.5389
30072015 1.55571 1.55571 1.55571 1.55582856191043 1.5597760460049 1.55571 1.56298528362209 1.55571 1.5558784349144 1.55571 1.55571 1.55398619637219 1.55571 1.55571 1.55581414795535 1.55571 1.55571 1.55624359434893 1.55571 1.5551925504569 1.55564542226056 1.55571 1.55769461557712 1.55571
30062015 1.5718 1.5718 1.5718 1.5718 1.57372918920155 1.5718 1.57921118044024 1.5718 1.57197017696001 1.57181308203531 1.5718 1.57009612788894 1.5718 1.5718 1.57158931702479 1.5718 1.5718 1.5717769733319 1.5718 1.57134242535554 1.57186524834605 1.5718 1.57459939333968 1.5718
30052015 1.5248 1.5248 1.5248 1.52456600929518 1.523865112402 1.5248 1.53227203044492 1.5248 1.52495239620024 1.5248 1.5248 1.52237102199635 1.5248 1.5248 1.52490224293973 1.52579844163156 1.5248 1.52502556883563 1.5248 1.52429283152817 1.5248 1.5248 1.52634882553387 1.5248
30042015 1.5426 1.5426 1.5426 1.54248136126832 1.54047373045624 1.5426 1.55026824244517 1.5426 1.54275417522199 1.54261284028718 1.5426 1.53991945168549 1.5426 1.5426 1.54269222767342 1.5441873614531 1.5426 1.54298876240998 1.5426 1.54208691101479 1.5426 1.5426 1.54338804842717 1.5426
30032015 1.48 1.48 1.48 1.47988543560741 1.47658902291943 1.48 1.48756381280825 1.48 1.48013559831609 1.48 1.48 1.47581744730198 1.48 1.48 1.48 1.48174582433182 1.48 1.48427312695347 1.48 1.47950773259554 1.48006140696763 1.48 1.48012630681702 1.48
30022015 1.5429 1.5429 1.5429 1.54278012119879 1.53791930883322 1.5429 1.55042284269492 1.5429 1.54304136124452 1.5429 1.5429 1.53696148750202 1.5429 1.5429 1.54249410610408 1.544309561543 1.5429 1.54575558948326 1.5429 1.54232281841505 1.54283598589227 1.5429 1.54449145905274 1.5429
30012015 1.5082 1.5082 1.5082 1.50913735670614 1.50449769489978 1.5082 1.51534050076567 1.5082 1.50833818201373 1.50818744615588 1.5082 1.50219205498701 1.5082 1.5082 1.50751369853552 1.50840194149814 1.5082 1.50869816829463 1.5082 1.50769835290581 1.5082 1.5082 1.50884699210962 1.5082
30122014 1.5608 1.5608 1.5608 1.56249325891507 1.55888666031841 1.5608 1.56828877922274 1.5608 1.56095599422176 1.560838979559 1.5608 1.55565327210621 1.5608 1.5608 1.55957524407277 1.5603816109564 1.5608 1.56295558421696 1.5608 1.56028085745617 1.5608 1.5608 1.56227493515025 1.5608
30112014 1.5745 1.5745 1.5745 1.5766883755668 1.5749824576164 1.5745 1.58163711231129 1.5745 1.5746180388169 1.5745 1.5745 1.56930809644492 1.5745 1.5745 1.57285411877952 1.57368070925804 1.5745 1.57685909073691 1.5745 1.57397630065654 1.5745 1.5745 1.57598329405948 1.5745
30102014 1.6004 1.6004 1.6004 1.60261820736294 1.6023624856096 1.6004 1.60853789361536 1.6004 1.60051998051608 1.6004 1.6004 1.5947738625613 1.6004 1.6004 1.59873772235631 1.59894602999362 1.6004 1.60211140752202 1.6004 1.59986768597697 1.6004 1.6004 1.60230251991994 1.6004
30092014 1.618 1.618 1.618 1.62024467572274 1.62148657941434 1.618 1.62655579450527 1.618 1.61812129997189 1.618 1.618 1.61250518592415 1.618 1.618 1.61598931790846 1.61609363811087 1.618 1.62091731722512 1.618 1.61746183198621 1.618 1.618 1.62132596379876 1.618
30082014 1.6592 1.6592 1.6592 1.66201381715637 1.66431481478837 1.6592 1.66819828498126 1.6592 1.659324388698 1.6592 1.6592 1.6524556985552 1.6592 1.6592 1.65701688731527 1.65681350590591 1.6592 1.66219160243505 1.6592 1.65864812832603 1.6592 1.6592 1.66147059459863 1.6592
30072014 1.6883 1.6883 1.6883 1.69116316749344 1.69455900853533 1.6883 1.69739701667911 1.6883 1.68842657029823 1.68828594424485 1.6883 1.68242375885134 1.6883 1.6883 1.68564100173104 1.68653801864188 1.6883 1.69085741891083 1.6883 1.6877384492845 1.6883 1.6883 1.69003785003208 1.6883
30062014 1.7035 1.7035 1.7035 1.70652738831668 1.70929351710484 1.7035 1.71253095844883 1.7035 1.70364189331064 1.70351418241914 1.7035 1.6976839032691 1.7035 1.7035 1.70139079133523 1.70128363157241 1.7035 1.70508198333422 1.7035 1.70293339356521 1.7035 1.7035 1.70525349613792 1.7035
30052014 1.6822 1.6822 1.6822 1.68493696017568 1.68636264771082 1.6822 1.69068143936871 1.6822 1.68232611298684 1.6822 1.6822 1.67742876806997 1.6822 1.6822 1.67977558397697 1.67955886851449 1.6822 1.68214561655987 1.6822 1.68164047822448 1.6822 1.6822 1.6862600642702 1.6822
30042014 1.6821 1.6821 1.6821 1.68431719648461 1.68470026544255 1.6821 1.69033020308122 1.6821 1.68222610548993 1.68211400565356 1.6821 1.67684634358232 1.6821 1.6821 1.67978292694468 1.68013395035461 1.6821 1.68176731192157 1.6821 1.68154051148579 1.68214187922502 1.6821 1.68529225280221 1.6821
30032014 1.6643 1.6643 1.6643 1.66585471022783 1.66533244532722 1.6643 1.67278813776781 1.6643 1.66441091267123 1.6643138588303 1.6643 1.66041865590481 1.6643 1.6643 1.661888129073 1.6621244826264 1.6643 1.66158475646068 1.6643 1.66370501075399 1.66432761704855 1.6643 1.66745847234927 1.6643
30022014 1.6688 1.6688 1.6688 1.67102241190556 1.66931898630716 1.6688 1.67619334139575 1.6688 1.66889731544857 1.6688 1.6688 1.6648834096946 1.6688 1.6688 1.66625321658752 1.66680883926646 1.6688 1.66712134109048 1.6688 1.66817572063714 1.6688 1.6688 1.67271813889571 1.6688
30012014 1.646 1.646 1.646 1.64806982835204 1.64548730712791 1.646 1.65411522778512 1.646 1.64609598587509 1.64597258882394 1.646 1.64103265267286 1.646 1.646 1.64327835657534 1.64253354517141 1.646 1.64498051037112 1.646 1.64538424986142 1.646 1.646 1.64842453086241 1.646
30122013 1.6468 1.6468 1.6468 1.64847996746268 1.64705689105637 1.6468 1.65491917200275 1.6468 1.6469234590814 1.6468137117355 1.6468 1.6424408803345 1.6468 1.6468 1.64396531522692 1.64486459464851 1.6468 1.64235393189774 1.6468 1.64618395059039 1.64685463744867 1.6468 1.65024176724893 1.6468
30112013 1.6319 1.6319 1.6319 1.6331762273317 1.63317323312497 1.6319 1.64087073883748 1.6319 1.63200875346282 1.63188641243936 1.6319 1.62752472528146 1.6319 1.6319 1.62898860292277 1.62975833972664 1.6319 1.62776223233764 1.6319 1.63123540346601 1.63184585869909 1.6319 1.63617345687809 1.6319
30102013 1.6064 1.6064 1.6064 1.60803107403686 1.60815166897361 1.6064 1.6147157454753 1.6064 1.60652043033056 1.60641337535336 1.6064 1.60221792994877 1.6064 1.6064 1.602864931754 1.60385204663703 1.6064 1.60245087719077 1.6064 1.60579906377726 1.6064 1.6064 1.60934185716021 1.6064
30092013 1.6153 1.6153 1.6153 1.6173391297993 1.61733140739451 1.6153 1.62417863542894 1.6153 1.61540764720173 1.6153 1.6153 1.61176651357598 1.6153 1.6153 1.61174321789113 1.61273418013374 1.6153 1.61201926080406 1.6153 1.61469573438709 1.6153 1.6153 1.61334827878964 1.6153
30082013 1.54921 1.54921 1.54921 1.55171892045312 1.55291083718543 1.54921 1.55791860144835 1.54921 1.54931324281643 1.54919710093461 1.54921 1.54745449436957 1.54921 1.54921 1.54578227513965 1.54632334648697 1.54921 1.54655011387687 1.54921 1.54863045791483 1.54921 1.54921 1.54716902993508 1.54921
30072013 1.5313 1.5313 1.5313 1.5335621881535 1.5356099784173 1.5313 1.5397480501836 1.5313 1.53141480015263 1.5313 1.5313 1.52869407554645 1.5313 1.5313 1.52760273658624 1.52947026361499 1.5313 1.52946188717818 1.5313 1.53072715784495 1.5313 1.5313 1.53291338276003 1.5313
30062013 1.5358 1.5358 1.5358 1.53752904383214 1.53882453832884 1.5358 1.54437731558576 1.5358 1.53591513751349 1.53577442911722 1.5358 1.53367980077447 1.5358 1.5358 1.53241012823894 1.53232995186267 1.5358 1.5356461110537 1.5358 1.53522547444542 1.5358 1.5358 1.53288065730641 1.5358
30052013 1.5214 1.5214 1.5214 1.52279210960712 1.52289544758779 1.5214 1.53010996581614 1.5214 1.52153939140412 1.52134935335075 1.5214 1.51905047164093 1.5214 1.5214 1.51834569168829 1.51795699647576 1.5214 1.52099726278493 1.5214 1.52083086132391 1.5214 1.5214 1.52053581036563 1.5214
30042013 1.5522 1.5522 1.5522 1.55362029218626 1.55372572219388 1.5522 1.56073447223288 1.5522 1.55239389173551 1.55221291632516 1.5522 1.54778687076601 1.5522 1.5522 1.54865456296048 1.54784450640426 1.5522 1.55073362529162 1.5522 1.55161933938936 1.5522 1.5522 1.55044110621571 1.5522
30032013 1.5122 1.5122 1.5122 1.51466355484726 1.51411620749012 1.5122 1.52056397979638 1.5122 1.51237631022951 1.51218741663164 1.5122 1.50925210809556 1.5122 1.5122 1.50873475347685 1.50794309526517 1.5122 1.51052764933101 1.5122 1.51163430294072 1.5122 1.5122 1.50934505514327 1.5122
30022013 1.5192 1.5192 1.5192 1.5211489798288 1.52049238894541 1.5192 1.52839082240969 1.5192 1.51938976956873 1.51921264172219 1.5192 1.51660203471018 1.5192 1.5192 1.51580037870352 1.51530826964994 1.5192 1.5195693317651 1.5192 1.51863168431924 1.5192 1.5192 1.51530929861707 1.5192
30012013 1.5783 1.5783 1.5783 1.58055767194522 1.57852379299433 1.5783 1.58838272532263 1.5783 1.57848401695228 1.57827373461687 1.5783 1.57545447462312 1.5783 1.5783 1.57478528773692 1.5725667604313 1.5783 1.57802982165227 1.5783 1.5777095756721 1.5783 1.5783 1.5759211864998 1.5783
30122012 1.578 1.578 1.578 1.58036512053907 1.57844658281267 1.578 1.58726006511738 1.578 1.57821024586421 1.578 1.578 1.57474340630791 1.578 1.578 1.57457709280991 1.57459936665103 1.578 1.58019103282055 1.578 1.57740968789873 1.578 1.578 1.57562163865975 1.578
30112012 1.6057 1.6057 1.6057 1.60855814063482 1.60706018920729 1.6057 1.61516304190019 1.6057 1.60591393649186 1.6057 1.6057 1.60330038440984 1.6057 1.6057 1.60221133167292 1.60288679168119 1.6057 1.60852290923019 1.6057 1.60509932563941 1.6057 1.6057 1.60158777039852 1.6057
30102012 1.6116 1.6116 1.6116 1.61423444649164 1.61387789312229 1.6116 1.62051249044142 1.6116 1.61181472258223 1.6116268199936 1.6116 1.60798678047511 1.6116 1.6116 1.60874521070723 1.60876038141552 1.6116 1.61548483511963 1.6116 1.61099711851559 1.61161336922574 1.6116 1.60812701986283 1.6116
30092012 1.6191 1.6191 1.6191 1.62140811002372 1.62232395987355 1.6191 1.62741858497135 1.6191 1.61928877390068 1.61911347436576 1.6191 1.61532625784741 1.6191 1.6191 1.61577478238896 1.61623785616058 1.6191 1.62403383853249 1.6191 1.61848088654273 1.6191 1.6191 1.61561085744596 1.6191
30082012 1.5839 1.5839 1.5839 1.58571382735557 1.58661683289945 1.5839 1.59423857231996 1.5839 1.58407148701296 1.58386046032648 1.5839 1.57826459216863 1.5839 1.5839 1.58052070194495 1.58086882865448 1.5839 1.58955906944748 1.5839 1.58329434636219 1.58388686067201 1.5839 1.58287315530921 1.5839
30072012 1.5686 1.5686 1.5686 1.57073244059123 1.57286778013878 1.5686 1.58030791182264 1.5686 1.56880899344904 1.5686 1.5686 1.56271308155075 1.5686 1.5686 1.56546647572325 1.56731489179742 1.5686 1.57467981894309 1.5686 1.5680132043333 1.56866505069908 1.5686 1.56758307432163 1.5686
30062012 1.5603 1.5603 1.5603 1.56253000993735 1.5645379153755 1.5603 1.57215340303052 1.5603 1.5605078875931 1.5603 1.5603 1.55430530696729 1.5603 1.5603 1.55676234411533 1.5568934629459 1.5603 1.56494952988302 1.5603 1.55965162966494 1.5603 1.5603 1.55827415940813 1.5603
30052012 1.5504 1.5504 1.5504 1.55328623635607 1.55460741725113 1.5504 1.56247157007087 1.5504 1.55060656856012 1.55042580151283 1.5504 1.54391975163564 1.5504 1.5504 1.54656399495242 1.54637955828314 1.5504 1.55461356424826 1.5504 1.54975574353171 1.5504 1.5504 1.54908590483531 1.5504
30042012 1.6261 1.6261 1.6261 1.62972716015944 1.62911799017562 1.6261 1.63842452329242 1.6261 1.62628959004379 1.62611353262069 1.6261 1.62119418813104 1.6261 1.6261 1.62148241684465 1.62320421833887 1.6261 1.63240847803757 1.6261 1.62542428699491 1.6261 1.6261 1.6226075532887 1.6261
30032012 1.6009 1.6009 1.6009 1.60473475288645 1.60227712125046 1.6009 1.61357721446423 1.6009 1.60107332758321 1.60093997702643 1.6009 1.59536979911208 1.6009 1.6009 1.59645178093314 1.59715442327703 1.6009 1.60589464663457 1.6009 1.60023475865578 1.6009 1.6009 1.59791479322047 1.6009
30022012 1.5943 1.5943 1.5943 1.59813564968136 1.59521731964268 1.5943 1.60728168296176 1.5943 1.59443279747881 1.59432654799479 1.5943 1.59001099480472 1.5943 1.5943 1.58961767891344 1.59054817786456 1.5943 1.59764021436714 1.5943 1.59363750123362 1.5943 1.5943 1.58913239990736 1.5943
30012012 1.5789 1.5789 1.5789 1.58283279349559 1.5789 1.5789 1.59099691974992 1.5789 1.57900522142438 1.57891314769402 1.5789 1.57503264831998 1.5789 1.5789 1.57350250338302 1.57388754065834 1.5789 1.58318328866057 1.5789 1.57824390058193 1.57896544527709 1.5789 1.57451010384167 1.5789
30122011 1.5461 1.5461 1.5461 1.55040487362654 1.54632263663237 1.5461 1.55822438880422 1.5461 1.54619016024391 1.54608712554281 1.5461 1.54135925348837 1.5461 1.5461 1.54001751190353 1.54246462506295 1.5461 1.55018353349243 1.5461 1.54539347392844 1.5461 1.5461 1.54180129935374 1.5461
30112011 1.5608 1.5608 1.5608 1.56525839175198 1.56237668410445 1.5608 1.57314537286487 1.5608 1.56090401519993 1.5608129969731 1.5608 1.5557383185277 1.5608 1.5608 1.55442461906559 1.55712395924229 1.5608 1.56471322784619 1.5608 1.56008675642423 1.56073530764794 1.5608 1.55992042496 1.5608
30102011 1.6024 1.6024 1.6024 1.60744309121775 1.60657481115778 1.6024 1.61528981079607 1.6024 1.60249344335738 1.60238665672971 1.6024 1.59814869948771 1.6024 1.6024 1.59561791309433 1.59615481006171 1.6024 1.60574510276461 1.6024 1.60173413534263 1.60253280843157 1.6024 1.60149698164781 1.6024
30092011 1.5595 1.5595 1.5595 1.56431171790047 1.56558727588298 1.5595 1.57228434592102 1.5595 1.55960392856503 1.55947403192092 1.5595 1.55522085846573 1.5595 1.5595 1.55375879714744 1.5544826433235 1.5595 1.56095303870212 1.5595 1.55872277367698 1.55937075787282 1.5595 1.55862115756351 1.5595
30082011 1.6286 1.6286 1.6286 1.63350396943096 1.63550473953955 1.6286 1.63931620753429 1.6286 1.62873565450291 1.62864068093002 1.6286 1.6237123481753 1.6286 1.6286 1.62268687840632 1.62286698101282 1.6286 1.63156577168514 1.6286 1.62792324813967 1.6286 1.6286 1.62768252709089 1.6286
30072011 1.6273 1.6273 1.6273 1.63208244854675 1.63541679694763 1.6273 1.63526631924191 1.6273 1.62739489539158 1.62727290023888 1.6273 1.62278557712397 1.6273 1.6273 1.62174577667715 1.62134030393439 1.6273 1.63010998775287 1.6273 1.6266237883444 1.62736745145316 1.6273 1.62638294947297 1.6273
30062011 1.6008 1.6008 1.6008 1.60550042345121 1.60949499931501 1.6008 1.60734991207317 1.6008 1.60092001050371 1.6008 1.6008 1.59635446769951 1.6008 1.6008 1.59499277658581 1.59197264675622 1.6008 1.60280749857254 1.6008 1.60006847750122 1.6007336497199 1.6008 1.59975171361786 1.6008
30052011 1.6503 1.6503 1.6503 1.65467202076743 1.65806661814585 1.6503 1.6568729640295 1.6503 1.65042372147318 1.65028626060966 1.6503 1.64368084022383 1.6503 1.6503 1.64430296592619 1.64070986045461 1.6503 1.65346206501412 1.6503 1.64961423087615 1.65032736566325 1.6503 1.64921929846549 1.6503
30042011 1.6655 1.6655 1.6655 1.66919230200794 1.67164463955619 1.6655 1.6718114791745 1.6655 1.66563872809443 1.6654445507958 1.6655 1.65751954260597 1.6655 1.6655 1.65999555404749 1.65789299372268 1.6655 1.66890720604003 1.6655 1.66478030885712 1.66547238274472 1.6655 1.66642967132697 1.6655
30032011 1.6092 1.6092 1.6092 1.61195260397832 1.61277843714375 1.6092 1.61464098918995 1.6092 1.60938761964114 1.60917322039249 1.6092 1.60158545424405 1.6092 1.6092 1.60346785858146 1.6024385964672 1.6092 1.61295294629426 1.6092 1.60853130965636 1.6092 1.6092 1.61238353111231 1.6092
30022011 1.6234 1.6234 1.6234 1.62557764558886 1.62629636941745 1.6234 1.62916722753123 1.6234 1.62361629476296 1.62338649400782 1.6234 1.61661046081993 1.6234 1.6234 1.61809860041297 1.61732625094008 1.6234 1.62691657947473 1.6234 1.62272540895858 1.6234 1.6234 1.6293432815644 1.6234
30012011 1.5891 1.5891 1.5891 1.59100314628118 1.5905207453761 1.5891 1.59349950032628 1.5891 1.58932494728233 1.58908678068886 1.5891 1.58145535901726 1.5891 1.5891 1.58425823108743 1.58407221261726 1.5891 1.58207329770852 1.5891 1.58843966205253 1.58911317601603 1.5891 1.59387976259352 1.5891
30122010 1.5655 1.5655 1.5655 1.56690594076311 1.56619997805171 1.5655 1.56973438388362 1.5655 1.56573463149187 1.56548697831104 1.5655 1.55858669051812 1.5655 1.5655 1.56137847628834 1.56277996907974 1.5655 1.55836617909791 1.5655 1.56483649401076 1.5654870197709 1.5655 1.56977871043262 1.5655
30112010 1.5528 1.5528 1.5528 1.55431148424338 1.55372621629042 1.5528 1.5569294279328 1.5528 1.55304564615645 1.5528 1.5528 1.54603834732712 1.5528 1.5528 1.54876829247731 1.55045579511839 1.5528 1.54515912531574 1.5528 1.55215474623068 1.5528 1.5528 1.55706813710343 1.5528
30102010 1.5922 1.5922 1.5922 1.59375122973831 1.59338883191818 1.5922 1.59606604010604 1.5922 1.59245187906382 1.5922 1.5922 1.58525225523683 1.5922 1.5922 1.58817378434008 1.58885821674798 1.5922 1.58122501665526 1.5922 1.59153837387203 1.59218679707614 1.5922 1.59702172214426 1.5922
30092010 1.5914 1.5914 1.5914 1.59295184595258 1.59330587623149 1.5914 1.59506773815031 1.5914 1.59165175250733 1.5914 1.5914 1.58332146163939 1.5914 1.5914 1.58730316735245 1.58674979490306 1.5914 1.57921989394486 1.5914 1.59075189722153 1.5914 1.5914 1.5968601127101 1.5914
30082010 1.5404 1.5404 1.5404 1.5419743132009 1.54194632440893 1.5404 1.5428947406341 1.5404 1.54064368453078 1.54041281301599 1.5404 1.53086526687294 1.5404 1.5404 1.53652884165886 1.53610285780149 1.5404 1.52720460470269 1.5404 1.53977266713588 1.5404 1.5404 1.54287484806992 1.5404
30072010 1.5576 1.5576 1.5576 1.55895670480723 1.56000871877188 1.5576 1.5599762997417 1.5576 1.55783344746838 1.5576 1.5576 1.54739206574781 1.5576 1.5576 1.55346296623576 1.55303655977316 1.5576 1.54371035307925 1.5576 1.55696566238045 1.5575870827027 1.5576 1.56010163090433 1.5576
30062010 1.5025 1.5025 1.5025 1.50500373021058 1.50464002119898 1.5025 1.50464199176313 1.5025 1.50272518927917 1.50247500603008 1.5025 1.49290440175905 1.5025 1.5025 1.49834584715766 1.49711322702339 1.5025 1.48941262160958 1.5025 1.50190055741053 1.5025 1.5025 1.50563256547527 1.5025
30052010 1.458 1.458 1.458 1.46068766633251 1.460056336848 1.458 1.45998614223641 1.458 1.45824277753421 1.458 1.458 1.45188594603852 1.458 1.458 1.4535648418268 1.45263167789556 1.458 1.44464603776134 1.458 1.45741831128423 1.45797581387625 1.458 1.46047925556173 1.458
30042010 1.5328 1.5328 1.5328 1.5357243874533 1.53475727008659 1.5328 1.53464202854973 1.5328 1.53305523278768 1.53285100237976 1.5328 1.52786071322813 1.5328 1.5328 1.52857284131669 1.52826537530559 1.5328 1.51997069873913 1.5328 1.53221388604329 1.53278728457482 1.5328 1.5352545647392 1.5328
30032010 1.515 1.515 1.515 1.51768117986835 1.51604912305899 1.515 1.51766683332037 1.515 1.51520185201792 1.51503782063312 1.515 1.51291996679611 1.515 1.515 1.51125974283458 1.51162683811368 1.515 1.50193701292968 1.515 1.51443325549213 1.515 1.515 1.5148562795706 1.515
30022010 1.5223 1.5223 1.5223 1.52559274578242 1.52388347513448 1.5223 1.52473237355898 1.5223 1.52246481765252 1.52232534146817 1.5223 1.52112389103582 1.5223 1.5223 1.51795687727277 1.5188053617422 1.5223 1.50887590748643 1.5223 1.52173052464401 1.5223 1.5223 1.52027596827416 1.5223
30012010 1.6138 1.6138 1.6138 1.61741546162694 1.61411641947667 1.6138 1.6183420196013 1.6138 1.61394785713682 1.61378656717038 1.6138 1.61653476836129 1.6138 1.6138 1.61000265806392 1.60986031845657 1.6138 1.6069982930705 1.6138 1.61319629552026 1.6138 1.6138 1.60882289950732 1.6138
30122009 1.6195 1.6195 1.6195 1.62196086507988 1.62259082209835 1.6195 1.62627247517066 1.6195 1.61966186099573 1.6195 1.6195 1.62654684285269 1.6195 1.6195 1.6169477507863 1.61635206078966 1.6195 1.60925261475965 1.6195 1.61889416321419 1.6195 1.6195 1.61122876207575 1.6195
30112009 1.6473 1.6473 1.6473 1.64703983047893 1.65105022736724 1.6473 1.6545803924548 1.6473 1.6474646394679 1.6473 1.6473 1.65744135091641 1.6473 1.6473 1.64519623829955 1.64334400025793 1.6473 1.63502208793752 1.6473 1.646683763546 1.6473 1.6473 1.63534488790535 1.6473
30102009 1.652 1.652 1.652 1.65021996278883 1.65619478909776 1.652 1.66095082209361 1.652 1.6521651092096 1.65195875619438 1.652 1.66066641837202 1.652 1.652 1.65051116078147 1.64777555447209 1.652 1.63876370684261 1.652 1.65138200532871 1.65193145939077 1.652 1.64001077813369 1.652
30092009 1.6113 1.6113 1.6113 1.60929944117549 1.6158892734115 1.6113 1.62140431451792 1.6113 1.61150127416146 1.61128659333618 1.6113 1.62662338370492 1.6113 1.6113 1.60918849520575 1.60683552405255 1.6113 1.59748264765481 1.6113 1.61076406049405 1.6113 1.6113 1.59673916264279 1.6113
30082009 1.6325 1.6325 1.6325 1.62962169399978 1.63786617070848 1.6325 1.64309286083336 1.6325 1.63271750720742 1.6325 1.6325 1.65163128792068 1.6325 1.6325 1.63010198413472 1.62696004690957 1.6325 1.61618573588587 1.6325 1.6319570090961 1.6325 1.6325 1.61646613348138 1.6325
30072009 1.6566 1.6566 1.6566 1.65461571691545 1.66370480672644 1.6566 1.66850146625956 1.6566 1.65682071818672 1.65653110389171 1.6566 1.6769384650205 1.6566 1.6566 1.65409205934489 1.65284807534454 1.6566 1.64041542887215 1.6566 1.65604899312012 1.6566 1.6566 1.64059177645903 1.6566
30062009 1.656 1.656 1.656 1.65422303073031 1.65787242282593 1.656 1.66798991805903 1.656 1.65628952144116 1.65604131994292 1.656 1.67598691831984 1.656 1.656 1.65297825788499 1.65399956868616 1.656 1.63649465395557 1.656 1.65544919268799 1.656 1.656 1.63854054184927 1.656
30052009 1.6153 1.6153 1.6153 1.61430543203559 1.61112194446091 1.6153 1.62628819342304 1.6153 1.6155420953362 1.61534031648206 1.6153 1.63344997398569 1.6153 1.6153 1.61221150294419 1.61505540950197 1.6153 1.59524099149025 1.6153 1.61476273004161 1.6153 1.6153 1.5982696480973 1.6153
30042009 1.4824 1.4824 1.4824 1.4819246426754 1.47546061912656 1.4824 1.49359582920148 1.4824 1.4825851727282 1.48236300150972 1.4824 1.49939288826906 1.4824 1.4824 1.47886662759308 1.48352284504074 1.4824 1.46238096406815 1.4824 1.48190693432408 1.48252298503518 1.4824 1.46621080549935 1.4824
30032009 1.434 1.434 1.434 1.43427530873919 1.42637877301662 1.434 1.44518194207409 1.434 1.43421492274631 1.43395229620203 1.434 1.44912313352255 1.434 1.434 1.43035162277773 1.43421796295795 1.434 1.41359363492016 1.434 1.43340411263188 1.4343562293018 1.434 1.41827178453073 1.434
30022009 1.4195 1.4195 1.4195 1.4195 1.40989030995835 1.4195 1.43131127845632 1.4195 1.41975997962456 1.41958265367145 1.4195 1.43206699400686 1.4195 1.4195 1.41596874688807 1.4201473241114 1.4195 1.40030527488419 1.4195 1.41855774480192 1.42002701033272 1.4195 1.40524628875731 1.4195
30012009 1.4302 1.4302 1.4302 1.43029765457509 1.42066536454678 1.4302 1.44153200611372 1.4302 1.43037865220985 1.43018810016099 1.4302 1.43992948020635 1.4302 1.4302 1.42655395942927 1.42910410607881 1.4302 1.41221313230406 1.4302 1.42872020873768 1.43049394732707 1.4302 1.41867885466749 1.4302
30122008 1.4578 1.4578 1.4578 1.45908716514316 1.45312742387248 1.4578 1.46675527789267 1.4578 1.45799423093843 1.45752138111461 1.4578 1.46469144097227 1.4578 1.4578 1.45296066276403 1.45424008793209 1.4578 1.43910242611433 1.4578 1.45599240331604 1.45899150927701 1.4578 1.44911533368808 1.4578
30112008 1.5336 1.5336 1.5336 1.53826238317339 1.53564127235366 1.5336 1.54271112144251 1.5336 1.53409753128785 1.53286394104654 1.5336 1.53890720459917 1.5336 1.5336 1.528019624115 1.52797044718221 1.5336 1.51569178859571 1.5336 1.53044752867135 1.53558079492115 1.5336 1.52677721604101 1.5336
30102008 1.6174 1.6174 1.6174 1.62393093909796 1.62407002087332 1.6174 1.62555492494803 1.6174 1.61870162162659 1.6162837205533 1.6174 1.62356215011984 1.6174 1.6174 1.61052153204385 1.60847724138362 1.6174 1.60188013484514 1.6174 1.61199322175695 1.62047503726619 1.6174 1.61443908833594 1.6174
30092008 1.7998 1.7998 1.7998 1.80768422279933 1.81014536342964 1.7998 1.80771893668631 1.7998 1.80249243468604 1.79952038047322 1.7998 1.8020541059786 1.7998 1.7998 1.79288457148191 1.79051717378399 1.7998 1.78386650945511 1.7998 1.79037957006282 1.79767379805097 1.7998 1.79635776044889 1.7998
30082008 1.8289 1.8289 1.8289 1.83713224754069 1.84136562373898 1.8289 1.83821872740606 1.8289 1.83192057704308 1.82888505879997 1.8289 1.82916830698899 1.8289 1.8289 1.82234498661984 1.81898240744133 1.8289 1.81310752943001 1.8289 1.82147906880437 1.8289 1.8289 1.82540210472552 1.8289
30072008 1.9805 1.9805 1.9805 1.98863400647609 1.99406418546808 1.9805 1.9903066544259 1.9805 1.98378716331929 1.98051617982853 1.9805 1.97996315188099 1.9805 1.9805 1.97433722917555 1.97192599890052 1.9805 1.96302077483908 1.9805 1.97246393775879 1.98081409096718 1.9805 1.9778187161537 1.9805
30062008 1.9917 1.9917 1.9917 1.99844284599353 2.00163438485872 1.9917 2.00191603255974 1.9917 1.99498945447903 1.9917325475746 1.9917 1.99180857966546 1.9917 1.9917 1.98625707894361 1.98334185953278 1.9917 1.97596380260612 1.9917 1.98330395706947 1.99146318883116 1.9917 1.98900355312462 1.9917
30052008 1.9735 1.9735 1.9735 1.97996072546017 1.98287845887432 1.9735 1.98391535604195 1.9735 1.97672709280607 1.97301697349071 1.9735 1.97316230047251 1.9735 1.9735 1.96870053547813 1.96638222612895 1.9735 1.95627407902156 1.9735 1.96541436529081 1.9735 1.9735 1.97085332597584 1.9735
30042008 1.9668 1.9668 1.9668 1.97314334212495 1.97457267738838 1.9668 1.97794299171458 1.9668 1.97049842873503 1.96627210905425 1.9668 1.96426641684623 1.9668 1.9668 1.96291316223709 1.96092467553365 1.9668 1.94855193056252 1.9668 1.95874181588749 1.96742299726045 1.9668 1.96729831812673 1.9668
30032008 1.9885 1.9885 1.9885 1.9949719597215 1.99449536222187 1.9885 1.99955245751498 1.9885 1.99277409647247 1.9879036387455 1.9885 1.98474954403923 1.9885 1.9885 1.98440700691072 1.9834785892878 1.9885 1.96981088012625 1.9885 1.97972581713024 1.98824839459977 1.9885 1.98900381614552 1.9885
30022008 1.9835 1.9835 1.9835 1.99053547435788 1.98784745810819 1.9835 1.99288190542719 1.9835 1.98835966860423 1.98196684898372 1.9835 1.97975897440373 1.9835 1.9835 1.97986263367042 1.98004444548863 1.9835 1.96368975035334 1.9835 1.97499777640625 1.98382937182417 1.9835 1.9856670988051 1.9835
30012008 1.9942 1.9942 1.9942 2.00088162923072 1.99693742066196 1.9942 2.00367316955362 1.9942 2.00063227755992 1.99372109666659 1.9942 1.99164421944234 1.9942 1.9942 1.99073062709698 1.99042547717268 1.9942 1.97553943739751 1.9942 1.98532223670415 1.99467194446357 1.9942 1.99536752325958 1.9942
30122007 2.0034 2.0034 2.0034 2.01053584157048 2.00697728754637 2.0034 2.01349238122801 2.0034 2.01034473255305 2.00300012116693 2.0034 1.99988918236342 2.0034 2.0034 1.9998797787401 2.00086175979085 2.0034 1.98560716782055 2.0034 1.99400938086726 2.00363654292848 2.0034 2.00390605268967 2.0034
30112007 2.0664 2.0664 2.0664 2.0723295777458 2.0701142693278 2.0664 2.0769869800743 2.0664 2.07397708639549 2.06595566043679 2.0664 2.06335521656116 2.0664 2.0664 2.06285335643298 2.06362258651219 2.0664 2.04712423486224 2.0664 2.05647126928607 2.06618859274052 2.0664 2.06813284470373 2.0664
30102007 2.0736 2.0736 2.0736 2.07837968412743 2.07878193516693 2.0736 2.08486607597214 2.0736 2.0816511064136 2.07330336878539 2.0736 2.07069908685076 2.0736 2.0736 2.0705845207525 2.07157003837596 2.0736 2.05271261264609 2.0736 2.0638478205591 2.07356733793789 2.0736 2.07307579950747 2.0736
30092007 2.0313 2.0313 2.0313 2.03455936253541 2.03839823264772 2.0313 2.04227523077631 2.0313 2.03947861953995 2.03117100809032 2.0313 2.02845826346448 2.0313 2.0313 2.02835840862388 2.0280377163382 2.0313 2.00991128865586 2.0313 2.02177860405094 2.03185913618831 2.0313 2.03078649283349 2.0313
30082007 2.0199 2.0199 2.0199 2.02384474598897 2.0298056317692 2.0199 2.02996719896902 2.0199 2.0281615123494 2.01951580582579 2.0199 2.0176403798826 2.0199 2.0199 2.01681374142612 2.01601075159072 2.0199 1.99933911189193 2.0199 2.00987879995635 2.01931234130995 2.0199 2.02143571390528 2.0199
30072007 2.0313 2.0313 2.0313 2.03584202546621 2.0421314556207 2.0313 2.04142343900616 2.0313 2.03999615558876 2.03131608243506 2.0313 2.02902762693972 2.0313 2.0313 2.02723520388388 2.02807695762311 2.0313 2.0108124235492 2.0313 2.02181045637688 2.03165172100683 2.0313 2.03266480073585 2.0313
30062007 2.0049 2.0049 2.0049 2.00939052568781 2.01560871714455 2.0049 2.01507903245415 2.0049 2.01346719385837 2.0049 2.0049 2.00219190281497 2.0049 2.0049 2.00069839682069 2.00039490906476 2.0049 1.98336169713657 2.0049 1.99518831996519 2.00422097951096 2.0049 2.00624706296229 2.0049
30052007 1.9773 1.9773 1.9773 1.9814761457138 1.98509595962523 1.9773 1.98765776557506 1.9773 1.98574925553202 1.9773 1.9773 1.97422325484118 1.9773 1.9773 1.9728287014909 1.97317049458113 1.9773 1.95707380906038 1.9773 1.9683886684141 1.97683114520547 1.9773 1.97797616987321 1.9773
30042007 1.9946 1.9946 1.9946 1.99926802049881 1.99881073654062 1.9946 2.00440379503435 1.9946 2.00312318064238 1.9945842082553 1.9946 1.9908257612386 1.9946 1.9946 1.98958846176683 1.99075188406596 1.9946 1.97487733329207 1.9946 1.98608163754456 1.9946789306038 1.9946 1.99426945559017 1.9946
30032007 1.9581 1.9581 1.9581 1.96201582704461 1.95754834470957 1.9581 1.96695666524375 1.9581 1.96648278061259 1.9581 1.9581 1.95260725812405 1.9581 1.9581 1.95363751863495 1.95557359660708 1.9581 1.93881658266267 1.9581 1.94966036629203 1.9581 1.9581 1.95859762682726 1.9581
30022007 1.9567 1.9567 1.9567 1.95992608914621 1.95476390004497 1.9567 1.9654093470319 1.9567 1.96507678710211 1.95671549180361 1.9567 1.95254672104411 1.9567 1.9567 1.95238449525048 1.95448848154978 1.9567 1.93701418516264 1.9567 1.94826640045126 1.95668451714491 1.9567 1.95719727103463 1.9567
30012007 1.9526 1.9526 1.9526 1.95668117507647 1.95093891610101 1.9526 1.96097761275025 1.9526 1.9609437092762 1.95261546081153 1.9526 1.947767494082 1.9526 1.9526 1.94556035172802 1.94578950072548 1.9526 1.93325108340477 1.9526 1.94419945585913 1.95261545053511 1.9526 1.95342223565646 1.9526
30122006 1.963 1.963 1.963 1.96610766991335 1.96132722270186 1.963 1.97115037581717 1.963 1.97137254035126 1.96298445696367 1.963 1.95695398075008 1.963 1.963 1.95679989922965 1.95742094494099 1.963 1.94316669611759 1.963 1.95453924673472 1.96265796776866 1.963 1.96382661507407 1.963
30112006 1.9562 1.9562 1.9562 1.95830098472267 1.95675692539854 1.9562 1.96391172707161 1.9562 1.96455909253616 1.9562 1.9562 1.94845988032701 1.9562 1.9562 1.95032901630021 1.94980511915 1.9562 1.93496355111776 1.9562 1.9481079929629 1.95590505366348 1.9562 1.95752362814878 1.9562
30102006 1.8987 1.8987 1.8987 1.90195968520286 1.90357898035089 1.8987 1.9055322884794 1.8987 1.9068133876896 1.8987 1.8987 1.89013482094348 1.8987 1.8987 1.89307618741961 1.89056272453201 1.8987 1.87749458315911 1.8987 1.89113098271848 1.89879046813824 1.8987 1.89965679319812 1.8987
30092006 1.8702 1.8702 1.8702 1.87597432755402 1.87821671673083 1.8702 1.87740537834347 1.8702 1.87819160354827 1.8702 1.8702 1.86302514326919 1.8702 1.8702 1.86496511740069 1.86231146082357 1.8702 1.85044436272502 1.8702 1.86265584498532 1.87011089405862 1.8702 1.87083887306181 1.8702
30082006 1.9076 1.9076 1.9076 1.91406103221009 1.91579107927748 1.9076 1.91519580453365 1.9076 1.91575141852672 1.90761510449866 1.9076 1.90007331815792 1.9076 1.9076 1.9024802690508 1.89935794870969 1.9076 1.88818015468668 1.9076 1.89999550357285 1.90720558234841 1.9076 1.90680108722102 1.9076
30072006 1.8643 1.8643 1.8643 1.87077419253899 1.87369533817725 1.8643 1.87171484202008 1.8643 1.87225156748694 1.86466953290032 1.8643 1.85741197148117 1.8643 1.8643 1.85929648018002 1.85735993626997 1.8643 1.84479589799252 1.8643 1.8572521232605 1.86422575615638 1.8643 1.86351922148571 1.8643
30062006 1.8344 1.8344 1.8344 1.84064551399557 1.84178223933738 1.8344 1.84148173070687 1.8344 1.84185895398637 1.83447281937011 1.8344 1.82790680059207 1.8344 1.8344 1.8299439887847 1.82802590440715 1.8344 1.81593516357396 1.8344 1.82753793828781 1.8344 1.8344 1.83331172965639 1.8344
30052006 1.8799 1.8799 1.8799 1.88535744128012 1.88340404293019 1.8799 1.88741441767839 1.8799 1.887469037992 1.88012409912362 1.8799 1.87266816757972 1.8799 1.8799 1.87594557567934 1.87476160751627 1.8799 1.86097716637739 1.8799 1.87286773342088 1.87963020300981 1.8799 1.87832487160973 1.8799
30042006 1.8085 1.8085 1.8085 1.8133920155455 1.81006377340433 1.8085 1.81541682914564 1.8085 1.81556513040796 1.8087879365292 1.8085 1.80312270123792 1.8085 1.8085 1.8049756787449 1.80554059401477 1.8085 1.79135678967668 1.8085 1.80199344023521 1.80890362535712 1.8085 1.80896409787981 1.8085
30032006 1.7349 1.7349 1.7349 1.74000768009642 1.73817890306723 1.7349 1.74154422800308 1.7349 1.74140034944551 1.73503830186869 1.7349 1.73024126676908 1.7349 1.7349 1.73144026085261 1.7325090210089 1.7349 1.71847746373625 1.7349 1.72827251581568 1.73459592002825 1.7349 1.73534521062299 1.7349
30022006 1.7465 1.7465 1.7465 1.75230887877142 1.75083287593267 1.7465 1.75328817804693 1.7465 1.75290407539185 1.74677886450854 1.7465 1.7420510332943 1.7465 1.7465 1.74306803175263 1.74467597330639 1.7465 1.73056634887305 1.7465 1.74013319991144 1.74666707324728 1.7465 1.74443785506946 1.7465
30012006 1.7713 1.7713 1.7713 1.77629783032126 1.7746801312789 1.7713 1.77713016886569 1.7713 1.777511196081 1.7714841216899 1.7713 1.7671815472154 1.7713 1.7713 1.76806989923923 1.76838793756858 1.7713 1.75409697686536 1.7713 1.76467398064173 1.77158198687175 1.7713 1.76729416150055 1.7713
30122005 1.7219 1.7219 1.7219 1.72686659257161 1.72669613564178 1.7219 1.72732386410708 1.7219 1.72775837562243 1.72212060090151 1.7219 1.71800621649088 1.7219 1.7219 1.71844260027878 1.71951960817647 1.7219 1.70583458229113 1.7219 1.71518572088923 1.72162592112695 1.7219 1.71800588081511 1.7219
30112005 1.727 1.727 1.727 1.73310877819388 1.73380994676982 1.727 1.73272191624391 1.727 1.73265374860386 1.72730478845232 1.727 1.72424066256148 1.727 1.727 1.72346199166276 1.72445556333498 1.727 1.71167076873628 1.727 1.7205396965891 1.72675214670884 1.727 1.72451869362853 1.727
30102005 1.7775 1.7775 1.7775 1.78420793884338 1.78558536685132 1.7775 1.78316242887238 1.7775 1.78300440011104 1.77772855861517 1.7775 1.77459199745802 1.7775 1.7775 1.77361401253272 1.77348103193252 1.7775 1.76228916033129 1.7775 1.77110497098041 1.77747162650738 1.7775 1.77494613660957 1.7775
30092005 1.7663 1.7663 1.7663 1.77169468457367 1.77336395916428 1.7663 1.77188505025787 1.7663 1.77154192447097 1.76647056638465 1.7663 1.7617521423574 1.7663 1.7663 1.76226845455278 1.7616902105059 1.7663 1.75257377644532 1.7663 1.75997335968148 1.76672240851457 1.7663 1.76467635427539 1.7663
30082005 1.7829 1.7829 1.7829 1.78755981504074 1.79033798105279 1.7829 1.7883405935908 1.7829 1.78801852532624 1.78324495516983 1.7829 1.7784770497607 1.7829 1.7829 1.77867327118789 1.77775656280371 1.7829 1.76737336005431 1.7829 1.77608915121781 1.78282903174311 1.7829 1.78050769087808 1.7829
30072005 1.7558 1.7558 1.7558 1.75947506084181 1.76235910098014 1.7558 1.76098798751791 1.7558 1.7605001027292 1.75611209442221 1.7558 1.75015676133494 1.7558 1.7558 1.75163751727618 1.75228296607798 1.7558 1.74068225007739 1.7558 1.74916230114294 1.75607938587473 1.7558 1.75344405386939 1.7558
30062005 1.7935 1.7935 1.7935 1.79766604133627 1.79885067568415 1.7935 1.79818881535963 1.7935 1.79798142970121 1.79355803174265 1.7935 1.78952764853643 1.7935 1.7935 1.78914869034742 1.7887777453899 1.7935 1.77733859468601 1.7935 1.78643551785515 1.79335739274559 1.7935 1.79066335660982 1.7935
30052005 1.8181 1.8181 1.8181 1.82329000219925 1.82379316189053 1.8181 1.82425428760277 1.8181 1.82258392507303 1.8184092421093 1.8181 1.81349908303938 1.8181 1.8181 1.81336112204179 1.81332997983632 1.8181 1.80331915227117 1.8181 1.81108262533212 1.8181 1.8181 1.81522444864919 1.8181
30042005 1.912 1.912 1.912 1.91705155746753 1.9177350032909 1.912 1.91958676363208 1.912 1.91638954754617 1.91224822308708 1.912 1.90595571208972 1.912 1.912 1.9070016549264 1.90796302106058 1.912 1.89672977574617 1.912 1.90462019670811 1.9120760374634 1.912 1.90903965820244 1.912
30032005 1.8826 1.8826 1.8826 1.88732349219914 1.88657238009046 1.8826 1.89060727116223 1.8826 1.88667711579102 1.88279885841364 1.8826 1.8772578965 1.8826 1.8826 1.87772768296571 1.87891952222069 1.8826 1.86874620976493 1.8826 1.87525909643189 1.88282439958504 1.8826 1.87968517810246 1.8826
30022005 1.9221 1.9221 1.9221 1.92680415913574 1.92413320648094 1.9221 1.93084246518893 1.9221 1.92605921129426 1.92244419053173 1.9221 1.91594576519088 1.9221 1.9221 1.91712120576429 1.91853205918537 1.9221 1.9088446947845 1.9221 1.91437688509141 1.92171803205329 1.9221 1.92226663055995 1.9221
30012005 1.8788 1.8788 1.8788 1.88384612661105 1.87965148476106 1.8788 1.88735313715078 1.8788 1.88233295093928 1.87898380865962 1.8788 1.87212380463216 1.8788 1.8788 1.87343881132971 1.87365551027063 1.8788 1.86615031938932 1.8788 1.87162280403164 1.87887475282135 1.8788 1.87896287679936 1.8788
30122004 1.9314 1.9314 1.9314 1.93701982955991 1.93461148381553 1.9314 1.93954017187076 1.9314 1.93484257005788 1.93176280065073 1.9314 1.92537540933297 1.9314 1.9314 1.92595174414351 1.92711367281808 1.9314 1.91783327585183 1.9314 1.92394531795086 1.93163032619728 1.9314 1.9319028774859 1.9314
30112004 1.9073 1.9073 1.9073 1.91240387131456 1.91221693497448 1.9073 1.91432130109036 1.9073 1.91034076887094 1.90756532445329 1.9073 1.89926857118781 1.9073 1.9073 1.90215982044593 1.90236129289856 1.9073 1.89221139160109 1.9073 1.8997117901704 1.9069359765573 1.9073 1.90420104018421 1.9073
30102004 1.8319 1.8319 1.8319 1.83582952424137 1.83608535037265 1.8319 1.83796841142868 1.8319 1.83456535387466 1.83212520688073 1.8319 1.82499181504582 1.8319 1.8319 1.82730491612977 1.82619042490486 1.8319 1.81831045108699 1.8319 1.82496007794449 1.83194375261258 1.8319 1.82892354926517 1.8319
30092004 1.7988 1.7988 1.7988 1.80266919449654 1.804031199485 1.7988 1.80344648007223 1.7988 1.8011957622526 1.79906579984751 1.7988 1.79122315801587 1.7988 1.7988 1.79410279569687 1.79300649929701 1.7988 1.78474492364683 1.7988 1.79194267483646 1.7988 1.7988 1.79864310919356 1.7988
30082004 1.7929 1.7929 1.7929 1.79731632875242 1.79978282886021 1.7929 1.79824478929166 1.7929 1.79502266254876 1.79315064085998 1.7929 1.7858334023702 1.7929 1.7929 1.78844114572364 1.78694082039345 1.7929 1.78009856082585 1.7929 1.78606516661902 1.79227084111636 1.7929 1.79274362378982 1.7929
30072004 1.816 1.816 1.816 1.82089096961669 1.82494093821451 1.816 1.82254511981436 1.816 1.81789587606828 1.81634415917499 1.816 1.80770647125581 1.816 1.816 1.81148369715775 1.81060858080238 1.816 1.80453365656305 1.816 1.80971216412797 1.81655070326642 1.816 1.81615695901967 1.816
30062004 1.8117 1.8117 1.8117 1.81617089775592 1.81923343524333 1.8117 1.81898652601919 1.8117 1.81324774935211 1.81174483795556 1.8117 1.80249149848229 1.8117 1.8117 1.80761131650692 1.80550014388938 1.8117 1.80021072114704 1.8117 1.80487972169185 1.81123761010522 1.8117 1.81246976463086 1.8117
30052004 1.8347 1.8347 1.8347 1.83821250113615 1.83970338080861 1.8347 1.84147707933803 1.8347 1.83622195357839 1.8347 1.8347 1.82749799300619 1.8347 1.8347 1.83095185521192 1.82955872780453 1.8347 1.82425737417102 1.8347 1.82825975284142 1.83387715717641 1.8347 1.8353417737074 1.8347
30042004 1.7732 1.7732 1.7732 1.77574645703711 1.77682993173211 1.7732 1.77975970618381 1.7732 1.77467093698436 1.7732 1.7732 1.76827595678721 1.7732 1.7732 1.7693968561694 1.76984317552376 1.7732 1.76227326691251 1.7732 1.76776845769204 1.77302899848628 1.7732 1.77382301771995 1.7732
30032004 1.8344 1.8344 1.8344 1.83692434480161 1.83716664616053 1.8344 1.84069246575556 1.8344 1.83592170471696 1.83438486549813 1.8344 1.83033715452101 1.8344 1.8344 1.83061342921488 1.83071201907443 1.8344 1.82364595168621 1.8344 1.82895737269882 1.8344 1.8344 1.83263915170216 1.8344
30022004 1.849 1.849 1.849 1.85194711108014 1.85103691163995 1.849 1.85494491789621 1.849 1.85054908371142 1.84901525508332 1.849 1.84539541710707 1.849 1.849 1.84498876361576 1.84595195909159 1.849 1.83790449027965 1.849 1.84351405479727 1.84889588754207 1.849 1.84722513710057 1.849
30012004 1.8108 1.8108 1.8108 1.81357331797307 1.8115499693128 1.8108 1.81738763115103 1.8108 1.81230212761746 1.81082988439364 1.8108 1.80733586026343 1.8108 1.8108 1.80662910181801 1.80715352164825 1.8108 1.80213985382383 1.8108 1.80552905813684 1.81043531474423 1.8108 1.80953903641328 1.8108
30122003 1.7847 1.7847 1.7847 1.78730356707235 1.78642518594649 1.7847 1.79209006856498 1.7847 1.78615099907186 1.78467054683171 1.7847 1.78233159207085 1.7847 1.7847 1.78099352213171 1.7827288764635 1.7847 1.77631861550442 1.7847 1.77986348576726 1.78516001905154 1.7847 1.78407050882162 1.7847
30112003 1.7203 1.7203 1.7203 1.72316487394906 1.72219669911348 1.7203 1.72887290573588 1.7203 1.72172705441811 1.72028580686678 1.7203 1.71938105774356 1.7203 1.7203 1.7165694690852 1.71809282089814 1.7203 1.7126242302782 1.7203 1.71519590506638 1.71960678213043 1.7203 1.72164754730155 1.7203
30102003 1.6916 1.6916 1.6916 1.69477089177796 1.69299628836992 1.6916 1.70165214670947 1.6916 1.69301721471403 1.6916 1.6916 1.69241674001677 1.6916 1.6916 1.68776471690433 1.68754619809994 1.6916 1.68225944150152 1.6916 1.68726096172737 1.69210491706114 1.6916 1.69012193706929 1.6916
30092003 1.6736 1.6736 1.6736 1.67651182768877 1.67568203302908 1.6736 1.68448826511269 1.6736 1.67500213439666 1.67357238853363 1.6736 1.67498271972926 1.6736 1.6736 1.66955133523259 1.67005540996013 1.6736 1.66530939629478 1.6736 1.6688090183269 1.67343821352541 1.6736 1.67213766486117 1.6736
30082003 1.58 1.58 1.58 1.58275819105486 1.58329651583449 1.58 1.59030687799706 1.58 1.58134980624625 1.58002606766051 1.58 1.58183665249299 1.58 1.58 1.57602679015862 1.5757496980765 1.58 1.57129600418296 1.58 1.57562928086945 1.58015275295364 1.58 1.5793442282894 1.58
30072003 1.6106 1.6106 1.6106 1.61341396718259 1.61486836265221 1.6106 1.62123603990321 1.6106 1.61194935328589 1.61032127704857 1.6106 1.61199202318938 1.6106 1.6106 1.60677655918812 1.60642392639372 1.6106 1.60114847774135 1.6106 1.6059893671829 1.61027544568676 1.6106 1.61359699415371 1.6106
30062003 1.6501 1.6501 1.6501 1.65287104182508 1.65331974303619 1.6501 1.66064474833989 1.6501 1.65176829354955 1.65004567124796 1.6501 1.65117175987188 1.6501 1.6501 1.64603625193473 1.6450701462988 1.6501 1.63994216902803 1.6501 1.64570792027342 1.6510955397619 1.6501 1.65317049550046 1.6501
30052003 1.6476 1.6476 1.6476 1.65059512587721 1.6512715851528 1.6476 1.65797406944201 1.6476 1.64932006905842 1.6476 1.6476 1.64816909107156 1.6476 1.6476 1.64337307023131 1.64256944033307 1.6476 1.63868722492852 1.6476 1.64222378665834 1.64726958772893 1.6476 1.64512841009651 1.6476
30042003 1.5961 1.5961 1.5961 1.60012577767537 1.60076805027344 1.5961 1.60535053010188 1.5961 1.59776630385054 1.59611313603089 1.5961 1.59549489172769 1.5961 1.5961 1.59205460219443 1.59268744837883 1.5961 1.58746581676888 1.5961 1.59121093803421 1.59658634715295 1.5961 1.59502900183401 1.5961
30032003 1.5797 1.5797 1.5797 1.58359486847465 1.58323208051074 1.5797 1.58845436456271 1.5797 1.58133616797942 1.57968699904942 1.5797 1.57741792564228 1.5797 1.5797 1.57560386306738 1.57540284283222 1.5797 1.57128249470455 1.5797 1.57438144406971 1.57906650210216 1.5797 1.57983181853412 1.5797
30022003 1.5828 1.5828 1.5828 1.58616569252498 1.58502398357159 1.5828 1.59113764201041 1.5828 1.58445241885511 1.58282605453551 1.5828 1.58021219278847 1.5828 1.5828 1.57898051145943 1.579097380971 1.5828 1.57397032502341 1.5828 1.57810386475561 1.5831178480725 1.5828 1.5818739102456 1.5828
30012003 1.6509 1.6509 1.6509 1.65406851510398 1.652294933195 1.6509 1.65952591718694 1.6509 1.65259631075223 1.6509 1.6509 1.64804078870075 1.6509 1.6509 1.64691853785524 1.64734242570261 1.6509 1.64187634649182 1.6509 1.64567133994293 1.65196892057917 1.6509 1.64911550033831 1.6509
30122002 1.6118 1.6118 1.6118 1.61476991665765 1.61406855637737 1.6118 1.62108327004388 1.6118 1.61345613524165 1.61166739939532 1.6118 1.61023653296824 1.6118 1.6118 1.60828650764865 1.60877481026367 1.6118 1.60408612170925 1.6118 1.60565554997855 1.61083458024788 1.6118 1.61019412267028 1.6118
30112002 1.552 1.552 1.552 1.55463730392437 1.55418438981119 1.552 1.56112542259381 1.552 1.55372251299154 1.5514778884358 1.552 1.55049453974855 1.552 1.552 1.5493528812561 1.54877570333347 1.552 1.54503604970188 1.552 1.54701013010488 1.55137647023944 1.552 1.55045984100175 1.552
30102002 1.56 1.56 1.56 1.56198603451437 1.56330723007884 1.56 1.56783290785184 1.56 1.56225695405204 1.56 1.56 1.5581141913895 1.56 1.56 1.55778982477049 1.55542781257466 1.56 1.55298276271411 1.56 1.55560938899063 1.55992457391304 1.56 1.5566706991659 1.56
30092002 1.5637 1.5637 1.5637 1.5660297199791 1.56791461503094 1.5637 1.57377713305516 1.5637 1.56596230708409 1.56371280739762 1.5637 1.56314749255288 1.5637 1.5637 1.56191602078273 1.55984436040333 1.5637 1.55659736106125 1.5637 1.55937437119972 1.56447935711406 1.5637 1.56036280274725 1.5637
30082002 1.5527 1.5527 1.5527 1.55457560725533 1.55712249127625 1.5527 1.56262307138719 1.5527 1.55493365706712 1.55271271855278 1.5527 1.55243676349379 1.5527 1.5527 1.55076805202945 1.54883850788639 1.5527 1.5453731318607 1.5527 1.54763345080384 1.55332070875729 1.5527 1.54940897145976 1.5527
30072002 1.5654 1.5654 1.5654 1.56684457188423 1.57008795131669 1.5654 1.57501317661536 1.5654 1.56763908589709 1.56537435641204 1.5654 1.56517692451061 1.5654 1.5654 1.56405840531067 1.56122290621207 1.5654 1.55733745465106 1.5654 1.55966851547776 1.56390668263708 1.5654 1.55649850680733 1.5654
30062002 1.537 1.537 1.537 1.53852947997675 1.54050119188006 1.537 1.54676359093365 1.537 1.53922367844743 1.537 1.537 1.53906645176597 1.537 1.537 1.53554047965013 1.5331840606392 1.537 1.52946946277826 1.537 1.53283474960738 1.53792676739698 1.537 1.53451536015276 1.537
30052002 1.4667 1.4667 1.4667 1.46868538867114 1.46962050024491 1.4667 1.47513194868354 1.4667 1.46882197083855 1.4667 1.4667 1.46918826104447 1.4667 1.4667 1.4648833873009 1.46474402917378 1.4667 1.45988348662203 1.4667 1.46184381136323 1.4673678257985 1.4667 1.4617199753309 1.4667
30042002 1.4568 1.4568 1.4568 1.45857337274405 1.45742190001032 1.4568 1.46659356910047 1.4568 1.45890764786091 1.45682386494884 1.4568 1.46032305437439 1.4568 1.4568 1.4551933308964 1.4569451419423 1.4568 1.44999471002061 1.4568 1.4513157689246 1.45525950361477 1.4568 1.44957480009975 1.4568
30032002 1.4232 1.4232 1.4232 1.42452919948451 1.42360691932503 1.4232 1.4339166858287 1.4232 1.42523568867301 1.42318834230949 1.4232 1.42816954212227 1.4232 1.4232 1.4219633523507 1.42346433691983 1.4232 1.41573260769426 1.4232 1.41934314615564 1.42370413716343 1.4232 1.41735942232896 1.4232
30022002 1.4168 1.4168 1.4168 1.41812895075726 1.41619127786768 1.4168 1.42763204795409 1.4168 1.41883815632942 1.416811605362 1.4168 1.42305561463518 1.4168 1.4168 1.41529843450807 1.4168 1.4168 1.40974677333949 1.4168 1.41246015726262 1.41666336851757 1.4168 1.41121333600768 1.4168
30012002 1.4131 1.4131 1.4131 1.41494281063152 1.41148224910719 1.4131 1.42476453699841 1.4131 1.41512124203474 1.41299586971066 1.4131 1.42013418301807 1.4131 1.4131 1.4122876135749 1.41445320912608 1.4131 1.40537545198942 1.4131 1.4089073611866 1.41464742417577 1.4131 1.40752792568637 1.4131
30122001 1.4504 1.4504 1.4504 1.45260216434165 1.44998506641503 1.4504 1.46248206239623 1.4504 1.45258163413278 1.45007995273988 1.4504 1.45783959603517 1.4504 1.4504 1.44935805453727 1.45124978185473 1.4504 1.44115252336053 1.4504 1.44451486762199 1.44837000156567 1.4504 1.44537918290148 1.4504
30112001 1.4255 1.4255 1.4255 1.42797276855346 1.42652135282196 1.4255 1.43726177283881 1.4255 1.42795927599981 1.42503554613462 1.4255 1.43323324756585 1.4255 1.4255 1.4236480062655 1.42386987284926 1.4255 1.41700227351469 1.4255 1.42170573925808 1.42622281130724 1.4255 1.42253599268556 1.4255
30102001 1.4556 1.4556 1.4556 1.45875423913975 1.45852334521516 1.4556 1.46814193572793 1.4556 1.45858643862135 1.45491564850295 1.4556 1.4628881973167 1.4556 1.4556 1.4535651772668 1.45224639092736 1.4556 1.44733547284844 1.4556 1.45098988577196 1.45690139817542 1.4556 1.45257340649113 1.4556
30092001 1.4702 1.4702 1.4702 1.47350797593698 1.4725264501212 1.4702 1.48106457467952 1.4702 1.47390935293577 1.46951266214079 1.4702 1.47624797869102 1.4702 1.4702 1.4677104474556 1.46737359474206 1.4702 1.46185257775609 1.4702 1.46423452728754 1.46939245533316 1.4702 1.46716922716489 1.4702
30082001 1.46 1.46 1.46 1.46328502575703 1.4633689590947 1.46 1.47079574214574 1.46 1.46436822949951 1.45985922960403 1.46 1.463980709822 1.46 1.46 1.45801783653015 1.45690693973114 1.46 1.45114443736997 1.46 1.45487504177711 1.46145004663272 1.46 1.45603511153819 1.46
30072001 1.4257 1.4257 1.4257 1.4295296562432 1.43105922001047 1.4257 1.43575282460404 1.4257 1.43010349385791 1.4254712547632 1.4257 1.4301229085405 1.4257 1.4257 1.42343617626757 1.42269880984412 1.4257 1.41724801803056 1.4257 1.41928583316328 1.42500030116302 1.4257 1.42308111091102 1.4257
30062001 1.4041 1.4041 1.4041 1.40829468969459 1.40876999352461 1.4041 1.41356500349874 1.4041 1.40866279064986 1.40383024003503 1.4041 1.40741206966742 1.4041 1.4041 1.40172525228561 1.40126236377212 1.4041 1.39577606938115 1.4041 1.39846934538758 1.40514382355106 1.4041 1.40185373083131 1.4041
30052001 1.4173 1.4173 1.4173 1.4211304538059 1.42120307918422 1.4173 1.42662979478445 1.4173 1.42217891896831 1.41663335522628 1.4173 1.41844143232508 1.4173 1.4173 1.41523936020945 1.41523810366088 1.4173 1.40838565310732 1.4173 1.41056777960907 1.41646065218987 1.4173 1.41639610531139 1.4173
30042001 1.4318 1.4318 1.4318 1.43515338051804 1.43512981990708 1.4318 1.44111412577607 1.4318 1.43740493520539 1.43122088132519 1.4318 1.43079022243431 1.4318 1.4318 1.42913939572028 1.43109684927344 1.4318 1.422222878275 1.4318 1.42584331144099 1.43321100703043 1.4318 1.43168544224433 1.4318
30032001 1.4255 1.4255 1.4255 1.42948309188002 1.42965971798032 1.4255 1.43424080334624 1.4255 1.43165933495749 1.42529714436676 1.4255 1.42409718114999 1.4255 1.4255 1.42235304093025 1.42341282588957 1.4255 1.41526983795414 1.4255 1.41817194431857 1.42472719555784 1.4255 1.4266426941172 1.4255
30022001 1.448 1.448 1.448 1.4521397916451 1.45119583590479 1.448 1.45620884457225 1.448 1.4544635307885 1.4468393243958 1.448 1.44515406878598 1.448 1.448 1.44478645502923 1.44713673452574 1.448 1.43715134063255 1.448 1.44133766925763 1.44821674517831 1.448 1.44915739031232 1.448
30112000 1.4209 1.4209 1.4209 1.4249238463534 1.42462546087781 1.4209 1.43207071256571 1.4209 1.42838751757069 1.4209 1.4209 1.41488210386803 1.4209 1.4209 1.41733348282653 1.41883538584143 1.4209 1.41043952473563 1.4209 1.41408391916251 1.42083292104153 1.4209 1.42157872169215 1.4209
30102000 1.4487 1.4487 1.4487 1.45280990541921 1.45207403954965 1.4487 1.46067041463095 1.4487 1.45633401133413 1.44868866595993 1.4487 1.44200253287136 1.4487 1.4487 1.44477472086623 1.44403014273827 1.4487 1.43809118560186 1.4487 1.44181862860344 1.44876839459143 1.4487 1.4497386250713 1.4487
30092000 1.4701 1.4701 1.4701 1.47413841876131 1.47380787103177 1.4701 1.48168832842282 1.4701 1.47785834207771 1.47012300427982 1.4701 1.46324939539605 1.4701 1.4701 1.4664628481117 1.46576245218208 1.4701 1.45976008850776 1.4701 1.4630479059475 1.46981058845366 1.4701 1.47115396750005 1.4701
30082000 1.4552 1.4552 1.4552 1.45942176099512 1.46075493100305 1.4552 1.46600656071407 1.4552 1.46285681751167 1.45515446309774 1.4552 1.44838173710679 1.4552 1.4552 1.45130521991784 1.44961234615119 1.4552 1.44733147278564 1.4552 1.4485045416462 1.4552 1.4552 1.4564752317406 1.4552
30072000 1.4982 1.4982 1.4982 1.50270350477531 1.50406546004282 1.4982 1.50853374970593 1.4982 1.50613020100311 1.49821171919917 1.4982 1.49114434457878 1.4982 1.4982 1.49412624016857 1.49260099372758 1.4982 1.48997040554359 1.4982 1.49130669618907 1.4979753707274 1.4982 1.50059834434917 1.4982
30062000 1.5122 1.5122 1.5122 1.51600582481106 1.51663976394112 1.5122 1.52243403681311 1.5122 1.52019241390951 1.51250796697213 1.5122 1.50507685547769 1.5122 1.5122 1.50838415048169 1.50624356169043 1.5122 1.50595025693333 1.5122 1.50546800037309 1.51286728178249 1.5122 1.51511380894303 1.5122
30052000 1.4948 1.4948 1.4948 1.49849536101906 1.4992136821072 1.4948 1.50480760355826 1.4948 1.50239447985256 1.49509341690508 1.4948 1.48748418784283 1.4948 1.4948 1.49116048541386 1.48946964739688 1.4948 1.48882052969993 1.4948 1.48748908384499 1.49443541867836 1.4948 1.49756948770014 1.4948
30042000 1.5681 1.5681 1.5681 1.57284744510268 1.57304215366711 1.5681 1.57858623111244 1.5681 1.57575757957227 1.56830971577119 1.5681 1.56163869198661 1.5681 1.5681 1.56471752449468 1.56465756525345 1.5681 1.56461205700684 1.5681 1.56081126238307 1.5681 1.5681 1.56975259370648 1.5681
30032000 1.5951 1.5951 1.5951 1.59923933434454 1.59919495788053 1.5951 1.60478420172008 1.5951 1.60267509019401 1.59525078698964 1.5951 1.5878451849018 1.5951 1.5951 1.59205171128432 1.59191390001418 1.5951 1.5915520005941 1.5951 1.5876857627876 1.59541390351984 1.5951 1.59652925653054 1.5951
30022000 1.5927 1.5927 1.5927 1.59621458103938 1.59586286197699 1.5927 1.60319337686213 1.5927 1.60011243183206 1.59305199477445 1.5927 1.58554956736035 1.5927 1.5927 1.59012412127024 1.59029220211041 1.5927 1.58918283239006 1.5927 1.58498500534119 1.59301269279111 1.5927 1.59541768104663 1.5927
30012000 1.6237 1.6237 1.6237 1.6272915447859 1.62710604485376 1.6237 1.63426127090741 1.6237 1.63089626960579 1.62389262118421 1.6237 1.61710839434546 1.6237 1.6237 1.62133029332348 1.62093969397699 1.6237 1.61902010523567 1.6237 1.61551766964481 1.61982917736582 1.6237 1.62619675624957 1.6237
30121999 1.6164 1.6164 1.6164 1.61990011462731 1.61979073160166 1.6164 1.62624175003603 1.6164 1.62337133367131 1.6162465904073 1.6164 1.61072521616429 1.6164 1.6164 1.6145212170783 1.61461255507629 1.6164 1.61262531563659 1.6164 1.61209761973817 1.6194726205743 1.6164 1.61926306483552 1.6164
30111999 1.5945 1.5945 1.5945 1.59786827369186 1.59767596932686 1.5945 1.60385715883357 1.5945 1.60152887987631 1.59477760948924 1.5945 1.5902223252586 1.5945 1.5945 1.59289714354368 1.59242339827543 1.5945 1.59040723051622 1.5945 1.58723872328324 1.59378120117722 1.5945 1.59642972021474 1.5945
30101999 1.634 1.634 1.634 1.63753430786038 1.63874409213956 1.634 1.64393600590939 1.634 1.64091731295124 1.63397411546649 1.634 1.63075683513491 1.634 1.634 1.63251491576493 1.63053785611818 1.634 1.63023368243372 1.634 1.62729242378385 1.63424605222358 1.634 1.63597752450981 1.634
30091999 1.6465 1.6465 1.6465 1.64957752055751 1.65081852665901 1.6465 1.65709336356594 1.6465 1.65349642335239 1.64669575326382 1.6465 1.64315183875073 1.6465 1.6465 1.644997188449 1.64349574856064 1.6465 1.64057229548317 1.6465 1.63949423167617 1.64584675537033 1.6465 1.64663263786421 1.6465
30081999 1.6037 1.6037 1.6037 1.60654212191661 1.60759308079803 1.6037 1.61478839697346 1.6037 1.6103231024155 1.60380179637406 1.6037 1.59900791858769 1.6037 1.6037 1.60198870319741 1.6009371071307 1.6037 1.59888776359736 1.6037 1.59751015139163 1.60433651637626 1.6037 1.60382919000475 1.6037
30071999 1.619 1.619 1.619 1.62162510244077 1.62276613268294 1.619 1.6299614659552 1.619 1.62558310428692 1.61929591114661 1.619 1.61540072879803 1.619 1.619 1.61719166253404 1.61702671529097 1.619 1.61160953450657 1.619 1.61211124268674 1.61892306778286 1.619 1.61808645012194 1.619
30061999 1.5749 1.5749 1.5749 1.57761345825864 1.57841683338697 1.5749 1.58578668744182 1.5749 1.58101481842727 1.57492505827421 1.5749 1.57266542134236 1.5749 1.5749 1.57322460874434 1.57298046566507 1.5749 1.5659339312677 1.5749 1.56827340757114 1.57497484021396 1.5749 1.57451536179763 1.5749
30051999 1.6042 1.6042 1.6042 1.60721065073882 1.60775872635164 1.6042 1.61575011933912 1.6042 1.61040295752247 1.6042 1.6042 1.60154997368282 1.6042 1.6042 1.60208217306777 1.60307532741626 1.6042 1.59485197623761 1.6042 1.59737421588516 1.60395847151258 1.6042 1.60198537335747 1.6042
30041999 1.6125 1.6125 1.6125 1.61479833393069 1.6147885064747 1.6125 1.62425519403917 1.6125 1.61873505111892 1.61241022678589 1.6125 1.61038186893794 1.6125 1.6125 1.60976881683379 1.6129953537958 1.6125 1.60390590004429 1.6125 1.60588068136564 1.61354507213422 1.6125 1.61158124254675 1.6125
30031999 1.6115 1.6115 1.6115 1.61364101565256 1.61329898588303 1.6115 1.62513523456662 1.6115 1.61782125388649 1.61156408089862 1.6115 1.60900383694646 1.6115 1.6115 1.60868990447483 1.6115 1.6115 1.60205486823922 1.6115 1.60384532338956 1.61133502315151 1.6115 1.6115 1.6115
30021999 1.6021 1.6021 1.6021 1.6043175345184 1.60389063401535 1.6021 1.61571347117815 1.6021 1.60832042707621 1.60226578617466 1.6021 1.59982950109389 1.6021 1.6021 1.59888023451476 1.60146041823392 1.6021 1.5927966435774 1.6021 1.59465322585544 1.60257895794027 1.6021 1.60183949282724 1.6021
