30122014	120.64	120.64	NaN	NaN	NaN	NaN	NaN	NaN	120.6468341	120.6403014	NaN	NaN	NaN	NaN	120.5092636	120.7880706	NaN	NaN	NaN	120.6279438	120.6369872	NaN	121.0391257	120.64
30112014	118.21	118.21	NaN	118.4900113	118.3053539	118.21	118.3892468	118.21	118.2164011	118.2105907	NaN	NaN	NaN	118.21	118.0459296	118.1737892	NaN	117.6765793	118.21	118.2011386	118.21	118.21	118.6010863	118.21
30102014	110.57	110.57	110.57	110.8678027	111.0929089	110.57	110.8227471	110.57	110.5754349	110.5693554	NaN	110.771857	110.57	110.57	110.4169584	110.4345799	110.57	110.0106057	110.57	110.5617113	110.57	110.57	110.9600754	110.57
30092014	109.37	109.37	109.37	109.6654388	109.8887567	109.37	109.6200041	109.37	109.3760135	109.3697268	109.37	109.4356908	109.37	109.37	109.2184796	109.1348286	109.37	108.7947063	109.37	109.3618012	109.37	109.37	109.742692	109.37
30082014	103.71	103.71	103.71	103.999363	104.1683565	103.71	103.8687037	103.71	103.7159614	103.7102591	103.71	103.5745526	103.71	103.71	103.5344172	103.3912758	103.71	103.1505868	103.71	103.7022255	103.71	103.71	104.13328	103.71
30072014	102.78	102.78	102.78	103.0839646	103.2001136	102.78	102.9862134	102.78	102.7856512	102.7799144	102.78	102.6064086	102.78	102.78	102.6059917	102.4003727	102.78	102.2291616	102.78	102.7722953	102.7808557	102.78	103.1389821	102.78
30062014	101.3	101.3	101.3	101.6077722	101.747266	101.3	101.5211354	101.3	101.3056542	101.2999156	101.3	101.005418	101.3	101.3	101.1202933	100.9566515	101.3	100.7657988	101.3	101.2915629	101.2991566	101.3	101.6470438	101.3
30052014	101.92	101.92	101.92	102.2052113	102.3208833	101.92	102.1525332	101.92	101.9257737	101.9202546	101.92	101.3339223	101.92	101.92	101.7544443	101.6684188	101.92	101.4087101	101.92	101.9123597	101.92	101.92	102.2098984	101.92
30042014	102.58	102.58	102.58	102.7165941	102.6478664	102.58	102.8204105	102.58	102.5855548	102.579402	102.58	102.0236269	102.58	102.58	102.444966	102.421672	102.58	102.0805389	102.58	102.5723102	102.5791459	102.58	102.9013891	102.58
30032014	102.85	102.85	102.85	102.9787097	102.9182483	102.85	103.1172249	102.85	102.856169	102.8495718	102.85	102.112955	102.85	102.85	102.7540121	102.7862368	102.85	102.3281138	102.85	102.8431463	102.8491436	102.85	103.090419	102.85
30022014	101.8	101.8	101.8	101.9188379	101.9184217	101.8	102.0906966	101.8	101.8065299	101.8003391	101.8	101.3653455	101.8	101.8	101.6646089	101.7683507	101.8	101.3509813	101.8	101.7940639	101.8	101.8	102.0394816	101.8
30012014	102.82	102.82	102.82	102.9570506	103.0080195	102.82	103.1046575	102.82	102.8262528	102.8199144	102.82	102.3319184	102.82	102.82	102.6908673	102.8520362	102.82	102.3155565	102.82	102.8140044	102.8217123	102.82	103.1312325	102.82
30122013	105.3	105.3	105.3	105.4404966	105.475122	105.3	105.5993327	105.3	105.3064913	105.3000877	105.3	104.8564233	105.3	105.3	105.1926887	105.2835764	105.3	104.7833894	105.3	105.2921063	105.2991232	105.3	105.5794714	105.3
30112013	101.37	101.37	101.37	101.4628267	101.5387545	101.37	101.6470079	101.37	101.3761646	101.3702532	101.37	101.0185804	101.37	101.37	101.2907855	101.2909712	101.37	100.8158041	101.37	101.3632449	101.370844	101.37	101.642513	101.37
30102013	98.2	98.2	98.2	98.2817863	98.39659889	98.2	98.45046205	98.2	98.2057265	98.19983645	98.2	98.13218193	98.2	98.2	98.1003928	98.09303627	98.2	97.69427247	98.2	98.19263859	98.19918237	98.2	98.45631924	98.2
30092013	97.75	97.75	97.75	97.82293754	97.92893334	97.75	97.99136672	97.75	97.75586307	97.7499186	97.75	97.70571502	97.75	97.75	97.62675749	97.62722363	97.75	97.21564584	97.75	97.74348616	97.75	97.75	97.96429797	97.75
30082013	98.33	98.33	98.33	98.38781566	98.44566532	98.33	98.57046973	98.33	98.33597974	98.33	98.33	98.59222347	98.33	98.33	98.17101364	98.09566374	98.33	97.78034562	98.33	98.32344751	98.33081872	98.33	98.44155021	98.33
30072013	98.12	98.12	98.12	98.13647166	98.20251081	98.12	98.36399283	98.12	98.12596697	98.11991829	98.12	98.19971897	98.12	98.12	97.97526123	97.84460775	98.12	97.58165044	98.12	98.11264459	98.12	98.12	98.28726257	98.12
30062013	98.14	98.14	98.14	98.11617491	98.23909157	98.14	98.36520518	98.14	98.14604992	98.14008172	98.14	98.51251164	98.14	98.14	98.02963567	97.94710719	98.14	97.59494035	98.14	98.13264309	98.14163405	98.14	98.27567131	98.14
30052013	101.03	101.03	101.03	100.9717115	101.0469687	101.03	101.2487933	101.03	101.0361439	101.0300841	101.03	101.3448416	101.03	101.03	100.9376402	100.9307909	101.03	100.454899	101.03	101.0207444	101.0333634	101.03	101.186264	101.03
30042013	98.8	98.8	98.8	98.72633395	98.7667698	98.8	99.00203342	98.8	98.80592604	98.79950637	98.8	99.31553686	98.8	98.8	98.70967879	98.70298072	98.8	98.25973779	98.8	98.78766002	98.79917786	98.8	99.08170362	98.8
30032013	94.15	94.15	94.15	94.10250452	94.11826974	94.15	94.33806237	94.15	94.15611756	94.14929446	94.15	94.58581264	94.15	94.15	93.99686785	94.03084737	94.15	93.63212064	94.15	94.13902415	94.15078345	94.15	94.33389507	94.15
30022013	92.48	92.48	92.48	92.45665882	92.48	92.48	92.65330685	92.48	92.48670213	92.48030801	92.48	92.96958491	92.48	92.48	92.36150953	92.4013938	92.48	91.92388095	92.48	92.46844938	92.47923045	92.48	92.63841983	92.48
30012013	91.07	91.07	91.07	91.06232985	91.0240352	91.07	91.23552752	91.07	91.07629661	91.07007583	91.07	91.5477817	91.07	91.07	90.93991542	91.05708868	91.07	90.49190646	91.07	91.05938322	91.07151557	91.07	91.23448714	91.07
30122012	86.55	86.55	86.55	86.53541431	86.42072358	86.55	86.68337917	86.55	86.55591203	86.54971174	86.55	87.04848779	86.55	86.55	86.42047222	86.5255128	86.55	86.04506785	86.55	86.53846999	86.55	86.55	86.72898674	86.55
30112012	82.45	82.45	82.45	82.42235259	82.3410599	82.45	82.58225918	82.45	82.45590659	82.45006865	82.45	82.92436148	82.45	82.45	82.30350004	82.38021568	82.45	81.96693558	82.45	82.43901618	82.45	82.45	82.57340065	82.45
30102012	79.64	79.64	79.64	79.61996023	79.5480389	79.64	79.77277097	79.64	79.64563897	79.64	79.64	80.0986894	79.64	79.64	79.51002674	79.52759285	79.64	79.20199613	79.64	79.62939053	79.63867467	79.64	79.81895471	79.64
30092012	77.57	77.57	77.57	77.53743841	77.51788181	77.57	77.70306531	77.57	77.5754924	77.56993541	77.57	77.82861251	77.57	77.57	77.4595774	77.41584918	77.57	77.17349928	77.57	77.56095702	77.56935446	77.57	77.75121985	77.57
30082012	78.45	78.45	78.45	78.42295608	78.41040476	78.45	78.57360536	78.45	78.45562004	78.45013064	78.45	78.6051443	78.45	78.45	78.36026454	78.31566666	78.45	77.94125494	78.45	78.44150723	78.45195843	78.45	78.73011637	78.45
30072012	78.15	78.15	78.15	78.13818862	78.17103847	78.15	78.27457557	78.15	78.15546839	78.15052059	78.15	78.20628411	78.15	78.15	78.04390285	77.93794974	78.15	77.5710158	78.15	78.13958902	78.15	78.15	78.44439997	78.15
30062012	79.3	79.3	79.3	79.31260916	79.39185904	79.3	79.42367599	79.3	79.30502058	79.29947176	79.3	79.097356	79.3	79.3	79.18682471	79.08519748	79.3	78.70210996	79.3	79.28943582	79.3	79.3	79.60584671	79.3
30052012	78.8	78.8	78.8	78.83226883	78.85134715	78.8	78.94800418	78.8	78.80551388	78.80065615	78.8	78.00313891	78.8	78.8	78.65357791	78.58673427	78.8	78.1911955	78.8	78.78950243	78.79868864	78.8	79.13074489	78.8
30042012	81.15	81.15	81.15	81.18326452	81.2029315	81.15	81.3253711	81.15	81.15500255	81.14932429	81.15	80.22993434	81.15	81.15	80.9693906	80.99966718	81.15	80.53957514	81.15	81.14053967	81.14932466	81.15	81.39556382	81.15
30032012	82.15	82.15	82.15	82.1706974	82.13623238	82.15	82.32592367	82.15	82.15574829	82.1499316	82.15	82.40634795	82.15	82.15	81.95369033	82.07939392	82.15	81.50458114	82.15	82.14110668	82.14794863	82.15	82.43476533	82.15
30022012	80.65	80.65	80.65	80.65677942	80.63645653	80.65	80.82271143	80.65	80.65571048	80.65033577	80.65	80.71982142	80.65	80.65	80.45643374	80.60362273	80.65	79.99860657	80.65	80.6432828	80.64865705	80.65	80.86755087	80.65
30012012	76.36	76.36	76.36	76.34715753	76.32149848	76.36	76.52488089	76.36	76.3650888	76.36012717	76.36	76.53399726	76.36	76.36	76.17027174	76.36	76.36	75.77940755	76.36	76.35491154	76.35936415	76.36	76.54749514	76.36
30122011	77.72	77.72	77.72	77.68737545	77.65476459	77.72	77.86460572	77.72	77.72504999	77.72006472	77.72	77.73397465	77.72	77.72	77.50420167	77.70881002	77.72	77.11526842	77.72	77.71546805	77.72064718	77.72	77.95904279	77.72
30112011	78.05	78.05	78.05	78.03760401	78.06306954	78.05	78.19521972	78.05	78.05500644	78.04974004	78.05	78.03599874	78.05	78.05	77.82768688	77.97123526	78.05	77.43749694	78.05	78.04479892	78.04935007	78.05	78.30394003	78.05
30102011	79.2	79.2	79.2	79.2	79.21327545	79.2	79.3464183	79.2	79.20534402	79.20006595	79.2	79.47252367	79.2	79.2	78.95152288	78.99419256	79.2	78.5679939	79.2	79.19538175	79.20065951	79.2	79.41068315	79.2
30092011	76.63	76.63	76.63	76.64285113	76.68146932	76.63	76.76516146	76.63	76.63510679	76.62993619	76.63	76.71805771	76.63	76.63	76.39429126	76.33204922	76.63	76.0069165	76.63	76.62489355	76.63127603	76.63	76.84084505	76.63
30082011	76.59	76.59	76.59	76.60287033	76.61574282	76.59	76.64389085	76.59	76.59516791	76.59051021	76.59	76.7054569	76.59	76.59	76.36006789	76.26665395	76.59	76.08933129	76.59	76.58362095	76.5880869	76.59	76.820549	76.59
30072011	77.55	77.55	77.55	77.56295458	77.58888975	77.55	77.59597731	77.55	77.55471605	77.55025832	77.55	77.66727847	77.55	77.55	77.32275726	77.16510876	77.55	77.17220951	77.55	77.54547796	77.55129148	77.55	77.76573614	77.55
30062011	80.72	80.72	80.72	80.74021691	80.73346388	80.72	80.68459644	80.72	80.72463993	80.72	80.72	81.21570491	80.72	80.72	80.48367606	80.28392512	80.72	80.39106795	80.72	80.71394895	80.72	80.72	80.94478928	80.72
30052011	80.85	80.85	80.85	80.87026978	80.80959719	80.85	80.82949994	80.85	80.85464741	80.85047132	80.85	81.76076518	80.85	80.85	80.63637587	80.47128718	80.85	80.52926078	80.85	80.8439392	80.85067311	80.85	81.17558576	80.85
30042011	82.06	82.06	82.06	82.06	82.03256343	82.06	82.06835978	82.06	82.06423856	82.05842835	82.06	82.98340558	82.06	82.06	81.87848089	81.75836345	82.06	81.75020432	82.06	82.05316537	82.0627321	82.06	82.45509419	82.06
30032011	83.13	83.13	83.13	83.13	83.10212179	83.13	83.13132344	83.13	83.13588608	83.12944629	83.13	82.93405405	83.13	83.13	82.98804547	82.94555093	83.13	82.84986997	83.13	83.12030885	83.13138344	83.13	83.5252316	83.13
30022011	81.7	81.7	81.7	81.7	81.72743545	81.7	81.69406018	81.7	81.70632905	81.70054418	81.7	81.50247284	81.7	81.7	81.59055359	81.55449554	81.7	81.41078323	81.7	81.6891161	81.70067971	81.7	82.04312864	81.7
30012011	82.05	82.05	82.05	82.05	82.03627536	82.05	82.05526478	82.05	82.05580961	82.04986337	82.05	81.74858079	82.05	82.05	81.95185239	81.97670818	82.05	81.82346777	82.05	82.03838694	82.05068256	82.05	82.44662377	82.05
30122010	81.45	81.45	81.45	81.45679934	81.47721442	81.45	81.46575668	81.45	81.45590277	81.44972874	81.45	81.165142	81.45	81.45	81.3769172	81.41359774	81.45	81.23028731	81.45	81.4377944	81.4506775	81.45	81.81128183	81.45
30112010	84.15	84.15	84.15	84.16401496	84.23429355	84.15	84.17578461	84.15	84.15637871	84.15	84.15	83.75641547	84.15	84.15	84.06816866	84.09983601	84.15	83.92680982	84.15	84.13668994	84.15	84.15	84.51803296	84.15
30102010	80.58	80.58	80.58	80.53975214	80.60695074	80.58	80.61147768	80.58	80.5861081	80.58	80.58	79.98609243	80.58	80.58	80.50156988	80.51987903	80.58	80.38481665	80.58	80.56725461	80.58	80.58	80.933161	80.58
30092010	83.4	83.4	83.4	83.33742924	83.42797814	83.4	83.42829424	83.4	83.40632186	83.39972226	83.4	82.51725943	83.4	83.4	83.31875213	83.30023882	83.4	83.20822798	83.4	83.38680857	83.4	83.4	83.82552957	83.4
30082010	84.25	84.25	84.25	84.18660127	84.22171774	84.25	84.34113207	84.25	84.25666689	84.25007014	84.25	83.22950607	84.25	84.25	84.16398308	84.16551079	84.25	84.11377431	84.25	84.23667413	84.24929922	84.25	84.77473675	84.25
30072010	86.5	86.5	86.5	86.4495713	86.51447142	86.5	86.63654355	86.5	86.50677292	86.49992798	86.5	85.40404109	86.5	86.5	86.42472211	86.36644038	86.5	86.36823522	86.5	86.48703763	86.5	86.5	87.07062869	86.5
30062010	88.6	88.6	88.6	88.53366067	88.58519459	88.6	88.76664584	88.6	88.60701111	88.60029506	88.6	87.2948222	88.6	88.6	88.45260469	88.47398589	88.6	88.47387002	88.6	88.58672294	88.60147388	88.6	89.16947384	88.6
30052010	91.3	91.3	91.3	91.20890843	91.23901942	91.3	91.41701318	91.3	91.3069207	91.29984797	91.3	89.6224007	91.3	91.3	91.13200794	91.17141349	91.3	91.17579691	91.3	91.2847998	91.3	91.3	91.6844745	91.3
30042010	94.06	94.06	94.06	93.97392881	93.93464452	94.06	94.13405816	94.06	94.06728654	94.05968676	94.06	92.15058626	94.06	94.06	93.88088721	93.94004564	94.06	93.94709992	94.06	94.04434029	94.05687035	94.06	94.36407832	94.06
30032010	93.25	93.25	93.25	93.16441371	93.07890596	93.25	93.33716802	93.25	93.25753436	93.24968947	93.25	91.24302347	93.25	93.25	93.08526183	93.18546995	93.25	93.08614177	93.25	93.23757743	93.24767215	93.25	93.37820447	93.25
30022010	89.25	89.25	89.25	89.15339246	89.14565372	89.25	89.33604495	89.25	89.2575084	89.25037151	89.25	87.97269313	89.25	89.25	89.05736828	89.15725987	89.25	89.10762135	89.25	89.24033805	89.2485143	89.25	89.31900669	89.25
30012010	89.85	89.85	89.85	89.72334382	89.73025526	89.85	89.93136262	89.85	89.85718484	89.84962599	89.85	89.47711056	89.85	89.85	89.64915536	89.83238647	89.85	89.59782805	89.85	89.84176865	89.85074789	89.85	89.6979965	89.85
30122009	92.06	92.06	92.06	91.91540407	91.93755473	92.06	92.16373348	92.06	92.0677448	92.05969345	92.06	92.45573551	92.06	92.06	91.92032509	91.88463781	92.06	91.67662386	92.06	92.05079998	92.06	92.06	91.66115975	92.06
30112009	86.75	86.75	86.75	86.56460532	86.63484709	86.75	86.83662021	86.75	86.75758697	86.74992778	86.75	87.8176273	86.75	86.75	86.76370319	86.55295437	86.75	86.36828748	86.75	86.74133063	86.75	86.75	86.21920463	86.75
30102009	91.38	91.38	91.38	91.2076497	91.33456215	91.38	91.41621483	91.38	91.38806798	91.38030428	91.38	92.84279883	91.38	91.38	91.47856856	91.1485539	91.38	90.88755548	91.38	91.37086793	91.38228145	91.38	90.90312078	91.38
30092009	89.77	89.77	89.77	89.60068629	89.77	89.77	89.77886244	89.77	89.77762689	89.76970108	89.77	91.28894883	89.77	89.77	89.88159525	89.51504498	89.77	89.21056871	89.77	89.75878786	89.77074693	89.77	88.92433396	89.77
30082009	92.7	92.7	92.7	92.52464237	92.60769664	92.7	92.69487158	92.7	92.70818452	92.70030868	92.7	94.67506767	92.7	92.7	92.86373062	92.3962853	92.7	92.10237206	92.7	92.6876507	92.7	92.7	91.62623105	92.7
30072009	95.33	95.33	95.33	95.18891299	95.18828658	95.33	95.3059736	95.33	95.33809926	95.32984128	95.33	97.50683611	95.33	95.33	95.44432365	94.92289579	95.33	94.65000852	95.33	95.31730034	95.33396483	95.33	94.17380619	95.33
30062009	95.95	95.95	95.95	95.86306716	95.77621308	95.95	95.96219991	95.95	95.95831171	95.95015975	95.95	98.46999787	95.95	95.95	96.05306966	95.84163281	95.95	95.26028801	95.95	95.93322782	95.94760595	95.95	94.80575192	95.95
30052009	96.5	96.5	96.5	96.49202486	96.21569543	96.5	96.50185405	96.5	96.50819867	96.49983933	96.5	99.44281092	96.5	96.5	96.55945331	96.75024944	96.5	95.84798723	96.5	96.4855391	96.4975915	96.5	95.42774648	96.5
30042009	97.6	97.6	97.6	97.57580383	97.28055556	97.6	97.57883413	97.6	97.60845464	97.600325	97.6	101.0395168	97.6	97.6	97.63130718	98.05903196	97.6	96.86840119	97.6	97.5878099	97.60243601	97.6	96.49388171	97.6
30032009	98.1	98.1	98.1	98.09186034	97.73029941	98.1	98.06181205	98.1	98.10817126	98.0991017	98.1	101.9003832	98.1	98.1	98.08116973	98.62415416	98.1	97.34096165	98.1	98.08529933	98.10326353	98.1	97.07622268	98.1
30022009	97.55	97.55	97.55	97.55	97.27866296	97.55	97.5242097	97.55	97.55901879	97.54926922	97.55	100.3543252	97.55	97.55	97.55	98.21489234	97.55	96.74501074	97.55	97.53213711	97.54432026	97.55	96.69395746	97.55
30012009	89.6	89.6	89.6	89.62945025	89.46806248	89.6	89.58194349	89.6	89.60895508	89.59321682	89.6	91.44214787	89.6	89.6	89.5938825	90.2013403	89.6	88.89564675	89.6	89.58880909	89.60074551	89.6	88.99458047	89.6
30122008	90.75	90.75	90.75	90.82490018	90.75	90.75	90.72309642	90.75	90.76594146	90.74321138	90.75	91.79431456	90.75	90.75	90.66994293	91.04180943	90.75	90.19592566	90.75	90.73791048	90.76734771	90.75	90.32301705	90.75
30112008	95.25	95.25	95.25	95.38247982	95.51514391	95.25	95.24325773	95.25	95.27385898	95.23529532	95.25	95.80752175	95.25	95.25	94.96130283	95.12338762	95.25	94.68746155	95.25	95.21910897	95.29573766	95.25	94.92151285	95.25
30102008	98.3	98.3	98.3	98.46986839	98.57502198	98.3	98.35138161	98.3	98.33980465	98.29934787	98.3	98.47668721	98.3	98.3	97.90466834	97.896284	98.3	97.80685817	98.3	98.22095553	98.36789048	98.3	97.92690719	98.3
30092008	104.3	104.3	104.3	104.4802368	104.6785226	104.3	104.3692826	104.3	104.3429264	104.2992216	104.3	104.7155349	104.3	104.3	103.8450951	103.7039035	104.3	103.8431009	104.3	104.1442041	104.3162067	104.3	104.169536	104.3
30082008	109.1	109.1	109.1	109.3067603	109.40431	109.1	109.1563919	109.1	109.1457165	109.1000905	109.1	109.0067912	109.1	109.1	108.6111195	108.361418	109.1	108.5469248	109.1	108.9201096	109.1008913	109.1	109.0839969	109.1
30072008	107.99	107.99	107.99	108.1683362	108.2203575	107.99	108.0517394	107.99	108.0351618	107.9894628	107.99	107.981713	107.99	107.99	107.5482941	107.2554216	107.99	107.4579108	107.99	107.811059	107.9891178	107.99	108.0192805	107.99
30062008	106.4	106.4	106.4	106.5139851	106.5757062	106.4	106.4608304	106.4	106.4450264	106.4004411	106.4	106.1950948	106.4	106.4	106.0410011	105.8719223	106.4	105.8570272	106.4	106.2245615	106.3982613	106.4	106.3941998	106.4
30052008	105.66	105.66	105.66	105.7307829	105.66	105.66	105.9086423	105.66	105.704275	105.6598248	105.66	105.6100136	105.66	105.66	105.3152254	105.1602578	105.66	105.1052956	105.66	105.4875055	105.6858673	105.66	105.6780833	105.66
30042008	104.08	104.08	104.08	104.1833854	104.1486388	104.08	104.3499339	104.08	104.1237856	104.0795685	104.08	103.9998775	104.08	104.08	103.7453993	103.6703011	104.08	103.4936522	104.08	103.8846522	104.1079427	104.08	104.2142462	104.08
30032008	100.1	100.1	100.1	100.1827565	100.0830382	100.1	100.3900586	100.1	100.1425264	100.100581	100.1	100.0229414	100.1	100.1	99.77526202	99.79910396	100.1	99.54670069	100.1	99.88530579	100.1300295	100.1	100.2891527	100.1
30022008	104.73	104.73	104.73	104.7904772	104.8349197	104.73	105.0386395	104.73	104.7738853	104.7301737	104.73	104.5048171	104.73	104.73	104.3598357	104.5009536	104.73	104.2369618	104.73	104.4740337	104.8110139	104.73	104.9279017	104.73
30012008	106.36	106.36	106.36	106.4221983	106.484433	106.36	106.6698857	106.36	106.4043919	106.360441	106.36	106.2145439	106.36	106.36	106.0048275	106.2142007	106.36	105.8571404	106.36	106.0180396	106.3855483	106.36	106.4964866	106.36
30122007	114	114	114	114.0570889	114.0560354	114	114.3201369	114	114.0471078	113.9997164	114	113.8440955	114	114	113.5953885	113.7968035	114	113.4285891	114	113.6061872	114.022759	114	114.2001277	114
30112007	110.3	110.3	110.3	110.3279843	110.4478322	110.3	110.6267435	110.3	110.3458533	110.2994513	110.3	109.9998647	110.3	110.3	109.9843975	110.102096	110.3	109.7377702	110.3	109.897029	110.323723	110.3	110.4627638	110.3
30102007	114.75	114.75	114.75	114.7305854	114.9023056	114.75	115.1363339	114.75	114.7982744	114.7496194	114.75	114.4069456	114.75	114.75	114.4861075	114.4639541	114.75	114.1299207	114.75	114.3061867	114.7664175	114.75	114.9107572	114.75
30092007	115.05	115.05	115.05	115.0305346	115.2598417	115.05	115.3981204	115.05	115.0987823	115.052385	115.05	114.6653766	115.05	115.05	114.86569	114.649366	115.05	114.4317188	115.05	114.588632	115.0573064	115.05	115.2111775	115.05
30082007	116.2	116.2	116.2	116.2	116.2178116	116.2	116.6013669	116.2	116.2468601	116.198651	116.2	115.9836239	116.2	116.2	115.9735105	115.6329337	116.2	115.6237303	116.2	115.726671	116.222106	116.2	116.3301361	116.2
30072007	118.95	118.95	118.95	118.9297948	118.95	118.95	119.3007234	118.95	118.9993506	118.9489151	118.95	118.7376257	118.95	118.95	118.6846189	118.3190898	118.95	118.3601258	118.95	118.4429364	118.9490582	118.95	119.0832159	118.95
30062007	123.23	123.23	123.23	123.23	123.2928501	123.23	123.539266	123.23	123.2822507	123.2288762	123.23	122.9977218	123.23	123.23	122.9546093	122.575292	123.23	122.6075122	123.23	122.705663	123.23	123.23	123.3966767	123.23
30052007	121.62	121.62	121.62	121.62	121.5188519	121.62	121.8779242	121.62	121.6726777	121.6210083	121.62	121.373298	121.62	121.62	121.3636745	121.1423684	121.62	120.9862332	121.62	121.1025135	121.62	121.62	121.8095397	121.62
30042007	119.6	119.6	119.6	119.589796	119.4010542	119.6	119.8637344	119.6	119.6508108	119.6001983	119.6	119.3367806	119.6	119.6	119.3207502	119.3480481	119.6	119.0150211	119.6	119.0911085	119.6009469	119.6	119.8267396	119.6
30032007	117.65	117.65	117.65	117.6308813	117.3960721	117.65	117.9050637	117.65	117.6997872	117.664839	117.65	117.3071433	117.65	117.65	117.415192	117.6831549	117.65	117.1202544	117.65	117.1484781	117.65	117.65	117.9809529	117.65
30022007	118.48	118.48	118.48	118.48	118.4618417	118.48	118.7286595	118.48	118.5151903	118.4888587	118.48	118.0862569	118.48	118.48	118.2849788	118.5973488	118.48	117.9549779	118.48	117.97494	118.479062	118.48	118.7320198	118.48
30012007	121.68	121.68	121.68	121.7100512	121.6386657	121.68	121.9495423	121.68	121.7070407	121.6812136	121.68	121.2940474	121.68	121.68	121.4262042	121.7836018	121.68	121.1601634	121.68	121.1622582	121.6790365	121.68	121.981894	121.68
30122006	118.95	118.95	118.95	118.9794071	118.8893638	118.95	119.1292189	118.95	118.9752474	118.9498023	118.95	118.5032061	118.95	118.95	118.7619852	119.0514501	118.95	118.4581617	118.95	118.444812	118.9509419	118.95	119.3174966	118.95
30112006	116.4	116.4	116.4	116.4385279	116.4968873	116.4	116.603087	116.4	116.4248997	116.4002903	116.4	115.8553588	116.4	116.4	116.275119	116.3668706	116.4	115.9429301	116.4	115.9047243	116.4	116.4	116.8623908	116.4
30102006	117.65	117.65	117.65	117.7088568	117.8259204	117.65	117.8428535	117.65	117.6748736	117.6493155	117.65	117.2158732	117.65	117.65	117.4483648	117.3484564	117.65	117.2281658	117.65	117.1494056	117.65	117.65	118.183133	117.65
30092006	117.8	117.8	117.8	117.8880394	118.0164357	117.8	117.991348	117.8	117.8255909	117.8010771	117.8	117.2451107	117.8	117.8	117.4374067	117.297199	117.8	117.3478901	117.8	117.2987674	117.8	117.8	118.2536697	117.8
30082006	117.32	117.32	117.32	117.399829	117.379714	117.32	117.4900692	117.32	117.3444137	117.3292694	117.32	116.8727426	117.32	117.32	116.923979	116.8183913	117.32	116.8547004	117.32	116.8208098	117.3190711	117.32	117.7847349	117.32
30072006	114.8	114.8	114.8	114.8974525	114.9362478	114.8	115.0025712	114.8	114.8148178	114.811374	114.8	114.3751626	114.8	114.8	114.4027114	114.2243542	114.8	114.3452171	114.8	114.3124373	114.7772494	114.8	115.2257244	114.8
30062006	114.95	114.95	114.95	115.0083593	115.1450437	114.95	115.1756141	114.95	114.9534479	114.9515322	114.95	114.6519175	114.95	114.95	114.5599619	114.4892569	114.95	114.5079403	114.95	114.4844884	114.9454371	114.95	115.3583322	114.95
30052006	112.24	112.24	112.24	112.2781406	112.2781017	112.24	112.4592078	112.24	112.2418705	112.2416834	112.24	111.916074	112.24	112.24	111.915105	112.0311793	112.24	111.7931356	112.24	111.7899005	112.2266217	112.24	112.6734462	112.24
30042006	114.3	114.3	114.3	114.3292036	114.3	114.3	114.4959555	114.3	114.3001905	114.3	114.3	114.0215665	114.3	114.3	113.9916511	114.2012525	114.3	113.8645113	114.3	113.8552104	114.2818049	114.3	114.6408671	114.3
30032006	117.4	117.4	117.4	117.4400984	117.4200167	117.4	117.5664388	117.4	117.4001957	117.4000978	117.4	117.1619838	117.4	117.4	117.0553799	117.1785365	117.4	116.952103	117.4	116.9617659	117.3906419	117.4	117.7161035	117.4
30022006	116.25	116.25	116.25	116.2995074	116.3490358	116.25	116.4684638	116.25	116.2500969	116.25	116.25	116.0462434	116.25	116.25	115.8646329	115.9623102	116.25	115.7999167	116.25	115.8252912	116.2314413	116.25	116.546887	116.25
30012006	117.71	117.71	117.71	117.6999972	117.7701575	117.71	117.9312075	117.71	117.7100981	117.71	117.71	117.1762615	117.71	117.71	117.3788086	117.4858045	117.71	117.3238329	117.71	117.2986834	117.6977656	117.71	117.9843256	117.71
30122005	117.97	117.97	117.97	117.8899466	117.8897837	117.97	118.173148	117.97	117.9700983	117.97	117.97	117.6522198	117.97	117.97	117.6307098	117.6423221	117.97	117.5995696	117.97	117.5699947	117.9548882	117.97	118.2373737	117.97
30112005	119.63	119.63	119.63	119.559145	119.6706933	119.63	119.8881351	119.63	119.6300997	119.63	119.63	119.343966	119.63	119.63	119.2083339	119.160125	119.63	119.2349494	119.63	119.2396404	119.6088909	119.63	119.8214463	119.63
30102005	115.7	115.7	115.7	115.6705365	115.7591302	115.7	115.9454099	115.7	115.7000964	115.7	115.7	115.5952043	115.7	115.7	115.2650123	115.1760951	115.7	115.3325949	115.7	115.3428169	115.6851247	115.7	115.8895962	115.7
30092005	113.15	113.15	113.15	113.1210976	113.2080049	113.15	113.3793936	113.15	113.1500943	113.15	113.15	113.0941702	113.15	113.15	112.8054663	112.699282	113.15	112.7933468	113.15	112.8151935	113.1390745	113.15	113.4420899	113.15
30082005	111.3	111.3	111.3	111.2715411	111.3	111.3	111.5364327	111.3	111.3000927	111.3	111.3	111.4103523	111.3	111.3	111.0098629	110.8376028	111.3	110.9613967	111.3	110.9813837	111.2784699	111.3	111.5767955	111.3
30072005	112.22	112.22	112.22	112.172278	112.1436156	112.22	112.4592407	112.22	112.2200935	112.22	112.22	112.2015764	112.22	112.22	111.9856032	111.8023426	112.22	111.8893924	112.22	111.9204002	112.2000564	112.22	112.5818443	112.22
30062005	110.4	110.4	110.4	110.4187561	110.3252361	110.4	110.6425558	110.4	110.400092	110.4	110.4	110.4273681	110.4	110.4	110.1441511	110.0716155	110.4	110.1121297	110.4	110.1248304	110.3964279	110.4	110.6450633	110.4
30052005	108.08	108.08	108.08	108.08	107.9153014	108.08	108.3759508	108.08	108.0800901	108.08	108.08	107.9037272	108.08	108.08	107.7723499	107.7426169	108.08	107.7153823	108.08	107.8141013	108.0616197	108.08	108.3542031	108.08
30042005	105.89	105.89	105.89	105.871958	105.7820148	105.89	106.2255021	105.89	105.8900882	105.8899118	105.89	105.6865384	105.89	105.89	105.6109729	105.573335	105.89	105.471492	105.89	105.6474558	105.8762547	105.89	106.2258051	105.89
30032005	107.35	107.35	107.35	107.3224948	107.2401899	107.35	107.6914869	107.35	107.3501789	107.3500895	107.35	107.0258403	107.35	107.35	107.0813302	107.1239631	107.35	106.8953416	107.35	107.1180163	107.3386619	107.35	107.6554854	107.35
30022005	104.73	104.73	104.73	104.7210638	104.6764488	104.73	105.0485334	104.73	104.7300873	104.73	104.73	104.644395	104.73	104.73	104.4743089	104.6193332	104.73	104.2558037	104.73	104.5147168	104.7112494	104.73	105.0664046	104.73
30012005	104	104	104	104.0176868	103.9823433	104	104.3178634	104	104.0000867	104	104	103.8685815	104	104	103.7214225	103.9528879	104	103.5286911	104	103.8048024	103.9898264	104	104.3708752	104
30122004	104.12	104.12	104.12	104.1907029	104.2259641	104.12	104.4112485	104.12	104.1200868	104.12	104.12	104.0144645	104.12	104.12	103.8179191	103.9471593	104.12	103.6830126	104.12	103.9347444	104.1004454	104.12	104.4457964	104.12
30112004	103.18	103.18	103.18	103.2236291	103.3374717	103.18	103.4945242	103.18	103.180086	103.18	103.18	103.0754173	103.18	103.18	102.9046306	102.9146905	103.18	102.8015589	103.18	103.0157641	103.1656486	103.18	103.6163168	103.18
30102004	106.13	106.13	106.13	106.13	106.2021409	106.13	106.4116632	106.13	106.1300884	106.13	106.13	105.4686276	106.13	106.13	105.9028327	105.888077	106.13	105.7795911	106.13	105.9758087	106.1169544	106.13	106.5317364	106.13
30092004	111	111	111	110.9811452	111.0567282	111	111.3416721	111	111.0000925	111	111	110.3089873	111	111	110.761753	110.6781302	111	110.7140146	111	110.8523594	110.9836005	111	111.469528	111
30082004	109.65	109.65	109.65	109.6406726	109.6873747	109.65	109.9931973	109.65	109.6500914	109.6500914	109.65	108.9957196	109.65	109.65	109.3805703	109.2306704	109.65	109.3240955	109.65	109.5203359	109.6346735	109.65	110.0838884	109.65
30072004	112.08	112.08	112.08	112.08	112.1371633	112.08	112.4178963	112.08	112.08	112.0799066	112.08	111.4020333	112.08	112.08	111.7789496	111.5308861	112.08	111.6774986	112.08	111.9631122	112.0587632	112.08	112.5942089	112.08
30062004	108.38	108.38	108.38	108.3340516	108.4169041	108.38	108.6931924	108.38	108.3800903	108.38	108.38	107.677273	108.38	108.38	108.1131992	107.931199	108.38	107.9458496	108.38	108.2874892	108.3773178	108.38	108.9336877	108.38
30052004	110.5	110.5	110.5	110.4620949	110.4242029	110.5	110.6100244	110.5	110.5000921	110.5000921	110.5	110.137219	110.5	110.5	110.2888539	110.1994768	110.5	110.0933334	110.5	110.408412	110.5	110.5	110.9354707	110.5
30042004	110.2	110.2	110.2	110.1907644	110.1244087	110.2	110.2658473	110.2	110.2	110.1999082	110.2	109.8938137	110.2	110.2	110.0419709	109.9748696	110.2	109.793833	110.2	110.1086607	110.2	110.2	110.5068693	110.2
30032004	104.3	104.3	104.3	104.3	104.2108792	104.3	104.3199014	104.3	104.3000869	104.3	104.3	103.8257425	104.3	104.3	104.1566685	104.1429314	104.3	103.9434471	104.3	104.2135509	104.3008605	104.3	104.5315173	104.3
30022004	109	109	109	108.9725696	108.9451462	109	109.124862	109	109.0000908	109.0000908	109	108.6321761	109	109	108.826542	108.8800546	109	108.6506656	109	108.9087567	108.9991007	109	109.212908	109
30012004	105.97	105.97	105.97	105.9336489	105.9150073	105.97	106.1008843	105.97	105.97	105.9699117	105.97	105.6753652	105.97	105.97	105.8079506	105.9261291	105.97	105.585882	105.97	105.8821667	105.9682512	105.97	106.1731138	105.97
30122003	107.1	107.1	107.1	107.0542795	106.9728757	107.1	107.1928845	107.1	107.1000892	107.1	107.1	106.7115509	107.1	107.1	106.9439873	106.9965714	107.1	106.6583501	107.1	107.0129962	107.1017675	107.1	107.2423172	107.1
30112003	109.5	109.5	109.5	109.5	109.5	109.5	109.6109389	109.5	109.5000912	109.5	109.5	109.2435218	109.5	109.5	109.3179491	109.3794049	109.5	108.9570259	109.5	109.4092409	109.5009034	109.5	109.5585235	109.5
30102003	108.76	108.76	108.76	108.7418549	108.8164132	108.76	108.860609	108.76	108.7600906	108.7599094	108.76	108.5610987	108.76	108.76	108.5565116	108.6703009	108.76	108.1175235	108.76	108.6689576	108.76	108.76	108.7075137	108.76
30092003	111.2	111.2	111.2	111.1721589	111.2950979	111.2	111.3015121	111.2	111.2001853	111.2000927	111.2	111.2	111.2	111.2	111.0068637	111.0618341	111.2	110.4812208	111.2	111.1069151	111.2018346	111.2	111.108203	111.2
30082003	117.05	117.05	117.05	117.0294327	117.05	117.05	117.1393834	117.05	117.0500975	117.0499025	117.05	116.8823259	117.05	117.05	116.846023	116.8062951	117.05	116.2913917	117.05	116.9500886	117.0480689	117.05	116.9140946	117.05
30072003	120.1	120.1	120.1	120.0599292	120.0799328	120.1	120.1288428	120.1	120.1002002	120.1001001	120.1	119.9390578	120.1	120.1	119.8905327	119.7825559	120.1	119.3120898	120.1	119.999465	120.1207875	120.1	119.9962886	120.1
30062003	119.85	119.85	119.85	119.8300446	119.8900007	119.85	119.8032024	119.85	119.8500999	119.85	119.85	119.5126918	119.85	119.85	119.6490712	119.6165992	119.85	119.0889775	119.85	119.728951	119.8539461	119.85	119.7722065	119.85
30052003	118.35	118.35	118.35	118.3401221	118.35	118.35	118.4624872	118.35	118.3500986	118.35	118.35	117.9958698	118.35	118.35	118.1352452	118.08685	118.35	117.6094751	118.35	118.2265733	118.35	118.35	118.3091353	118.35
30042003	119.6	119.6	119.6	119.588986	119.4981131	119.6	119.7519979	119.6	119.6000997	119.5999003	119.6	119.1229731	119.6	119.6	119.2990968	119.2512307	119.6	118.9108275	119.6	119.4752697	119.5990157	119.6	119.6453596	119.6
30032003	120.15	120.15	120.15	120.1298315	119.987231	120.15	120.268183	120.15	120.1502002	120.1501001	120.15	119.4402884	120.15	120.15	119.8544898	119.8819537	120.15	119.4878237	120.15	120.0256839	120.1509888	120.15	120.3238228	120.15
30022003	117.75	117.75	117.75	117.7096485	117.708623	117.75	117.8658223	117.75	117.7500981	117.7499019	117.75	117.1038205	117.75	117.75	117.5001457	117.5847823	117.75	117.132984	117.75	117.627199	117.7480617	117.75	117.9428313	117.75
30012003	118.95	118.95	118.95	118.9202483	118.8905041	118.95	119.0666853	118.95	118.9501982	118.95	118.95	118.5971742	118.95	118.95	118.7221407	118.8495777	118.95	118.3317193	118.95	118.8279035	118.95	118.95	119.1563682	118.95
30122002	119.9	119.9	119.9	119.8600359	119.8200852	119.9	120.0137466	119.9	119.9001998	119.9	119.9	119.3704619	119.9	119.9	119.6794776	119.7314818	119.9	119.2133825	119.9	119.7769284	119.9098648	119.9	120.0164175	119.9
30112002	122.3	122.3	122.3	122.2075169	122.2795857	122.3	122.4672772	122.3	122.3002038	122.3	122.3	121.7701597	122.3	122.3	122.0925289	122.1281086	122.3	121.585106	122.3	122.1644138	122.341157	122.3	122.4187478	122.3
30102002	122.45	122.45	122.45	122.3778205	122.5318326	122.45	122.5978048	122.45	122.4502041	122.4496939	122.45	121.9086371	122.45	122.45	122.2943072	122.1909528	122.45	121.8382387	122.45	122.2730995	122.45	122.45	122.598203	122.45
30092002	121.55	121.55	121.55	121.4572639	121.67403	121.55	121.7087422	121.55	121.5505064	121.5485821	121.55	121.3831866	121.55	121.55	121.3691749	121.2232689	121.55	120.771697	121.55	121.3743997	121.5490045	121.55	121.5929629	121.55
30082002	117.95	117.95	117.95	117.8704857	117.9106072	117.95	118.1059422	117.95	117.9518674	117.9501965	117.95	117.8384027	117.95	117.95	117.8076924	117.615002	117.95	117.2009862	117.95	117.7805652	117.9490339	117.95	117.97	117.95
30072002	119.85	119.85	119.85	119.7794234	119.85	119.85	119.9333143	119.85	119.8516977	119.8502996	119.85	120.0123634	119.85	119.85	119.7395028	119.4921532	119.85	119.1184892	119.85	119.6788162	119.8519634	119.85	119.8670815	119.85
30062002	119.45	119.45	119.45	119.3590471	119.45	119.45	119.5330363	119.45	119.4513935	119.45	119.45	119.6322509	119.45	119.45	119.3312526	119.1785186	119.45	118.6959992	119.45	119.2774335	119.45	119.45	119.2896186	119.45
30052002	124.4	124.4	124.4	124.284466	124.2326657	124.4	124.5608082	124.4	124.4014512	124.3998963	124.4	125.0854815	124.4	124.4	124.2318344	124.1527864	124.4	123.6889216	124.4	124.2202824	124.4	124.4	124.1893125	124.4
30042002	128	128	128	127.8712478	127.7637587	128	128.1044999	128	128.0015999	127.9993601	128	129.2279015	128	128	127.8443742	127.9453808	128	127.1452459	128	127.8150816	127.9979032	128	127.6911978	128
30032002	133.2	133.2	133.2	133.0195405	132.8612567	133.2	133.3672773	133.2	133.2023308	133.2012208	133.2	134.5099146	133.2	133.2	133.0757138	133.1619265	133.2	132.2045011	133.2	133.0097481	133.2010911	133.2	132.7365095	133.2
30022002	133.9	133.9	133.9	133.7425867	133.7642018	133.9	134.2083891	133.9	133.9011158	133.8998884	133.9	135.1680752	133.9	133.9	133.7745202	133.9575543	133.9	132.8840441	133.9	133.7076531	133.8989032	133.9	133.3113886	133.9
30012002	132.9	132.9	132.9	132.7658903	132.7435233	132.9	133.2073059	132.9	132.9012182	132.9009967	132.9	134.4259299	132.9	132.9	132.7269121	133.0523215	132.9	131.8119487	132.9	132.7101766	132.909794	132.9	132.2417221	132.9
30122001	131.8	131.8	131.8	131.6887947	131.5993633	131.8	132.0273507	131.8	131.8002197	131.8	131.8	133.3530987	131.8	131.8	131.6001894	131.8377164	131.8	130.7111553	131.8	131.6020494	131.8290896	131.8	131.1274029	131.8
30112001	123.95	123.95	123.95	123.8672753	123.8865183	123.95	124.1596254	123.95	123.9502066	123.9498967	123.95	125.3021444	123.95	123.95	123.7353603	123.861255	123.95	122.9356603	123.95	123.7365294	123.9903983	123.95	123.2812072	123.95
30102001	121.82	121.82	121.82	121.7386969	121.7998495	121.82	122.0300309	121.82	121.8203045	121.819797	121.82	123.0241425	121.82	121.82	121.5565907	121.5758339	121.82	120.779325	121.82	121.570575	121.8773007	121.82	121.2130854	121.82
30092001	119.3	119.3	119.3	119.230316	119.2803074	119.3	119.4504427	119.3	119.3004971	119.299503	119.3	120.4976091	119.3	119.3	119.0321755	119.1115175	119.3	118.4248567	119.3	118.9997605	119.3558004	119.3	118.8112448	119.3
30082001	118.95	118.95	118.95	118.9010545	118.8521292	118.95	119.1601271	118.95	118.9509912	118.9497027	118.95	119.6601712	118.95	118.95	118.6829612	118.676154	118.95	118.0768988	118.95	118.5951706	118.96147	118.95	118.6265631	118.95
30072001	124.8	124.8	124.8	124.7486474	124.6973159	124.8	125.0467198	124.8	124.8013519	124.7994801	124.8	125.3120059	124.8	124.8	124.4656655	124.3326324	124.8	123.9261779	124.8	124.4157229	124.8200266	124.8	124.4140339	124.8
30062001	124.05	124.05	124.05	123.9991068	124.0092236	124.05	124.353954	124.05	124.0518606	124.0498966	124.05	124.5589289	124.05	124.05	123.6805097	123.6387812	124.05	123.2193812	124.05	123.6481904	124.0738374	124.05	123.7580725	124.05
30052001	119.2	119.2	119.2	119.1608564	119.1217256	119.2	119.5432094	119.2	119.2018872	119.1999007	119.2	119.568908	119.2	119.2	118.8787135	118.8726386	119.2	118.4204624	119.2	118.7910732	119.2560936	119.2	119.1040787	119.2
30042001	123.45	123.45	123.45	123.4093807	123.3485268	123.45	123.8054463	123.45	123.4520573	123.4410559	123.45	123.4895395	123.45	123.45	123.1615466	123.1635686	123.45	122.6521251	123.45	122.9686261	123.4999519	123.45	123.5371246	123.45
30032001	124.6	124.6	124.6	124.5897443	124.5794894	124.6	124.9726007	124.6	124.6111047	124.5853863	124.6	124.6399078	124.6	124.6	124.2528163	124.2374656	124.6	123.8406407	124.6	124.0639415	124.6177337	124.6	124.7227383	124.6
30022001	116.4	116.4	116.4	116.4095627	116.4382744	116.4	116.6920339	116.4	116.4240287	116.3999032	116.4	116.2496919	116.4	116.4	116.0681644	116.1436629	116.4	115.7438376	116.4	115.8827268	116.4449608	116.4	116.6292257	116.4
30012001	116.15	116.15	116.15	116.1309462	116.15	116.15	116.4448292	116.15	116.1740737	116.1507724	116.15	115.7180521	116.15	116.15	115.8281228	115.9713104	116.15	115.5653305	116.15	115.5891902	116.1882892	116.15	116.4509803	116.15
30122000	114.9	114.9	114.9	114.8529533	114.8434908	114.9	115.187281	114.9	114.9230503	114.8993314	114.9	114.5972516	114.9	114.9	114.5765712	114.6132718	114.9	114.3523462	114.9	114.3075438	114.9098943	114.9	115.3441106	114.9
30112000	111.17	111.17	111.17	111.0883988	111.17	111.17	111.4486409	111.17	111.1929491	111.17	111.17	110.7162745	111.17	111.17	110.8560667	110.8792854	111.17	110.6230605	111.17	110.5872538	111.17	111.17	111.6428376	111.17
30102000	109.05	109.05	109.05	108.9787414	109.0679008	109.05	109.3309962	109.05	109.0725114	109.0498187	109.05	108.7336979	109.05	109.05	108.7415046	108.7966114	109.05	108.5297612	109.05	108.4783668	109.0508532	109.05	109.5564893	109.05
30092000	107.85	107.85	107.85	107.7793177	107.85	107.85	108.1479329	107.85	107.872443	107.8585212	107.85	107.2796834	107.85	107.85	107.5545437	107.5786662	107.85	107.3588604	107.85	107.2838177	107.8483124	107.85	108.3549294	107.85
30082000	106.4	106.4	106.4	106.3563479	106.3825026	106.4	106.6783212	106.4	106.4137336	106.4118716	106.4	105.8914012	106.4	106.4	106.09221	105.9953841	106.4	105.940684	106.4	105.843086	106.4033296	106.4	106.9008784	106.4
30072000	109.5	109.5	109.5	109.4372968	109.4640771	109.5	109.7630842	109.5	109.5019161	109.5	109.5	108.904599	109.5	109.5	109.1718356	109.0729788	109.5	109.0174705	109.5	108.9234516	109.4991435	109.5	110.0181217	109.5
30062000	105.4	105.4	105.4	105.3398218	105.365524	105.4	105.6647379	105.4	105.4018443	105.4	105.4	105.0029719	105.4	105.4	105.1354008	105.0914553	105.4	104.9243833	105.4	104.8458593	105.3785391	105.4	105.8988313	105.4
30052000	106.65	106.65	106.65	106.5803779	106.4934907	106.65	106.8481554	106.65	106.6518662	106.6500889	106.65	106.0227151	106.65	106.65	106.386996	106.3360226	106.65	106.1343641	106.65	106.1108931	106.6290696	106.65	107.1745309	106.65
30042000	106.55	106.55	106.55	106.5063723	106.3933309	106.55	106.7117493	106.55	106.5517757	106.5499112	106.55	106.1340789	106.55	106.55	106.228392	106.2152433	106.55	106.058385	106.55	106.0322077	106.535752	106.55	106.9908525	106.55
30032000	105.85	105.85	105.85	105.797916	105.7113024	105.85	106.0565987	105.85	105.8518522	105.8487654	105.85	105.1310256	105.85	105.85	105.5760269	105.5789566	105.85	105.3951201	105.85	105.3496969	105.8399948	105.85	106.3336253	105.85
30022000	110.18	110.18	110.18	110.0988874	110.1077199	110.18	110.4170284	110.18	110.1832131	110.1812851	110.18	109.5836437	110.18	110.18	109.9374032	109.9616328	110.18	109.6530067	110.18	109.6695973	110.155655	110.18	110.6768843	110.18
30012000	106.85	106.85	106.85	106.7542421	106.7626884	106.85	107.0565622	106.85	106.8518697	106.8497329	106.85	106.4129276	106.85	106.85	106.6141747	106.6263293	106.85	106.3377109	106.85	106.3785283	106.8373258	106.85	107.2855386	106.85
30121999	102.2	102.2	102.2	102.1004276	102.116733	102.2	102.4646761	102.2	102.2020438	102.1996594	102.2	101.7322574	102.2	102.2	101.9791767	101.9860632	102.2	101.7024988	102.2	101.7611169	102.2097005	102.2	102.5600632	102.2
30111999	102.5	102.5	102.5	102.4419322	102.5166615	102.5	102.7806645	102.5	102.5023914	102.5002562	102.5	102.3617497	102.5	102.5	102.2839321	102.2962435	102.5	101.9717254	102.5	102.0501422	102.4821574	102.5	102.7757235	102.5
30101999	104.85	104.85	104.85	104.8329509	104.9184244	104.85	105.0928541	104.85	104.8521841	104.8493012	104.85	104.6070512	104.85	104.85	104.6237011	104.5464639	104.85	104.2678798	104.85	104.4080032	104.851661	104.85	105.0585203	104.85
30091999	106.85	106.85	106.85	106.8762074	106.8849274	106.85	107.1503858	106.85	106.8529379	106.850267	106.85	106.388296	106.85	106.85	106.6506562	106.5704813	106.85	106.2016642	106.85	106.3978866	106.8372981	106.85	107.0677224	106.85
30081999	110.82	110.82	110.82	110.8109322	110.729533	110.82	111.1569302	110.82	110.8227701	110.82	110.82	110.8105712	110.82	110.82	110.6239491	110.5516291	110.82	110.1306808	110.82	110.3642081	110.812966	110.82	111.1451869	110.82
30071999	115.2	115.2	115.2	115.1718619	115.0876533	115.2	115.5728382	115.2	115.2028796	115.2	115.2	115.2194172	115.2	115.2	115.0135131	114.9326426	115.2	114.4868935	115.2	114.7334759	115.1789483	115.2	115.4566769	115.2
30061999	121.1	121.1	121.1	121.0606971	120.9626957	121.1	121.4781781	121.1	121.1030271	121.1	121.1	121.1314619	121.1	121.1	120.8917108	120.8301799	121.1	120.3304559	121.1	120.6316271	121.0980732	121.1	121.2720693	121.1
30051999	121.42	121.42	121.42	121.4098558	121.2620175	121.42	121.7867645	121.42	121.4230351	121.4198988	121.42	121.5956583	121.42	121.42	121.1925543	121.1512404	121.42	120.6386589	121.42	120.9523139	121.42	121.42	121.6209092	121.42
30041999	119.33	119.33	119.33	119.2909008	119.2137609	119.33	119.6955728	119.33	119.3330823	119.3290059	119.33	119.3902076	119.33	119.33	119.1601582	119.1608834	119.33	118.5651313	119.33	118.8703642	119.3366439	119.33	119.4869544	119.33
30031999	120.4	120.4	120.4	120.389882	120.4184163	120.4	120.7094403	120.4	120.4041129	120.3864704	120.4	120.8827917	120.4	120.4	120.2402505	120.2657422	120.4	119.5907015	120.4	119.9295655	120.3952125	120.4	120.5867852	120.4
30021999	119.4	119.4	119.4	119.4191108	119.4783615	119.4	119.7068702	119.4	119.4174979	119.3951344	119.4	120.1413931	119.4	119.4	119.2349618	119.2666981	119.4	118.5739762	119.4	118.9382021	119.3876457	119.4	119.569454	119.4
