30042017 111.25 111.25 111.25 111.268831088899 111.269718345707 111.25 111.564740016611 111.25 111.244992510525 111.24888697131 111.25 110.701391894024 111.25 111.25 111.03206642032 111.066816153693 111.25 110.681872292236 111.25 111.166966733084 111.239887992262 111.25 111.393829624391 111.25
30032017 112.05 112.05 112.05 112.068081627066 112.068072873514 112.05 112.367003315607 112.05 112.04607749486 112.049626351163 112.05 111.889364448643 112.05 112.05 111.796075538232 111.848469319874 112.05 111.472145431845 112.05 111.976547686821 112.037949268875 112.05 112.075319188379 112.05
30022017 112.55 112.55 112.55 112.597205338404 112.624408518389 112.55 112.871143805645 112.55 112.546435295771 112.550656816161 112.55 112.118091360267 112.55 112.55 112.311497743766 112.380979515128 112.55 111.948603833195 112.55 112.488317792272 112.549068190567 112.55 112.55 112.55
30012017 113.6 113.6 113.6 113.628345501696 113.636556728658 113.6 113.924139816271 113.6 113.595739121122 113.599905291227 113.6 113.349616752343 113.6 113.6 113.410128141877 113.565767657046 113.6 112.95346732083 113.6 113.538682342224 113.589648730125 113.6 113.642901995181 113.6
30122016 116.8 116.8 116.8 116.847853373925 116.876913166908 116.8 117.050926782051 116.8 116.795716469419 116.800486894087 116.8 116.77016219419 116.8 116.8 116.631613110979 116.711908745868 116.8 116.071142891762 116.8 116.747593163872 116.787407163002 116.8 116.74701733433 116.8
30112016 112.39 112.39 112.39 112.408028269431 112.482112028041 112.39 112.631452577352 112.39 112.385409710673 112.388875622138 112.39 112.264869045144 112.39 112.39 112.236841941136 112.186392976801 112.39 111.684001136895 112.39 112.351685121102 112.389067198399 112.39 112.305502024415 112.39
30102016 104.8 104.8 104.8 104.756194947604 104.816903499726 104.8 105.101612457617 104.8 104.796768118557 104.801310591407 104.8 104.709817636027 104.8 104.8 104.672928963727 104.561976882712 104.8 104.17603146494 104.8 104.765142145955 104.8 104.8 104.713371452905 104.8
30092016 101.08 101.08 101.08 101.037709066454 101.096319283115 101.08 101.370906366564 101.08 101.075618822388 101.079241542576 101.08 101.211360666661 101.08 101.08 100.98806639667 100.803693286683 101.08 100.472477173778 101.08 101.046379466728 101.08 101.08 100.989058951464 101.08
30082016 102.96 102.96 102.96 102.917707863192 102.978303853777 102.96 103.183111061987 102.96 102.956309872681 102.96 102.96 103.101480336854 102.96 102.96 102.881958079898 102.678297534645 102.96 102.37240030674 102.96 102.925754154079 102.959145379312 102.96 102.913756906554 102.96
30072016 104 104 104 103.958160598374 103.966478636094 104 104.225364709078 104 103.996272598668 104.001040515056 104 104.190858353757 104 104 103.913329332783 103.683882046226 104 103.415772849594 104 103.966271209698 103.999136660786 104 103.945137163054 104
30062016 102.9 102.9 102.9 102.866960948327 102.916563381533 102.9 103.122981043886 102.9 102.895282560694 102.900343196194 102.9 103.067157819134 102.9 102.9 102.81401151494 102.680961067485 102.9 102.340776026747 102.9 102.867481894316 102.899145707157 102.9 102.783503257584 102.9
30052016 111.09 111.09 111.09 111.063182841966 111.000720718993 111.09 111.332833483179 111.09 111.084536597447 111.087962390617 111.09 111.233178499326 111.09 111.09 110.988221610899 110.988501351666 111.09 110.516476979029 111.09 111.055815722334 111.09 111.09 110.989782518846 111.09
30042016 111.74 111.74 111.74 111.74 111.632194593819 111.74 111.984254329016 111.74 111.736554098927 111.736833444852 111.74 112.297032688816 111.74 111.74 111.662964058522 111.722939154501 111.74 111.182489562368 111.74 111.705615706306 111.739072223582 111.74 111.55475694546 111.74
30032016 112.63 112.63 112.63 112.657327448503 112.503174146648 112.63 112.876199794855 112.63 112.629718421128 112.62662165739 112.63 112.836273116471 112.63 112.63 112.534575761378 112.73337795009 112.63 112.110828377881 112.63 112.596276724284 112.631870262288 112.63 112.538871342067 112.63
30022016 113.4 113.4 113.4 113.390830064381 113.272060125927 113.4 113.650069601264 113.4 113.403118028426 113.396127637813 113.4 113.614985501934 113.4 113.4 113.277451014539 113.538801095734 113.4 112.838429282033 113.4 113.364163720267 113.396233621685 113.4 113.333469952907 113.4
30012016 121 121 121 121.019505124118 120.941644522737 121 121.266829115987 121 121.007459137114 120.999899241774 121 120.969089259392 121 121 120.925400401821 121.166705859143 121 120.414016068949 121 120.965779656452 120.989946240646 121 120.822132709071 121
30122015 120.5 120.5 120.5 120.52915207065 120.403251524164 120.5 120.765726516334 120.5 120.507528662373 120.499698980656 120.5 120.5 120.5 120.5 120.45375514774 120.555313322946 120.5 119.894703924161 120.5 120.47593127788 120.487972249907 120.5 120.385089529883 120.5
30112015 122.8 122.8 122.8 122.829593947458 122.839441155273 122.8 123.162814637732 122.8 122.807979147856 122.800204509365 122.8 122.884081263823 122.8 122.8 122.781224671782 122.687183920594 122.8 122.217667736257 122.8 122.787727975354 122.801022060018 122.8 122.836101757007 122.8
30102015 120.87 120.87 120.87 120.87 120.986726536574 120.87 121.227112420706 120.87 120.877652434768 120.870301950424 120.87 120.91193241052 120.87 120.87 120.879228479358 120.721828954822 120.87 120.266094991721 120.87 120.856914962219 120.87 120.87 120.914478452625 120.87
30092015 119.95 119.95 119.95 119.969261346745 120.143500418943 119.95 120.304394265439 119.95 119.957294518031 119.949700348615 119.95 119.960278933159 119.95 119.95 119.931694004839 119.637024703634 119.95 119.360783902322 119.95 119.937014558767 119.95099823987 119.95 120.047387929328 119.95
30082015 121.2 121.2 121.2 121.229264779475 121.317271727911 121.2 121.561290058714 121.2 121.207673327491 121.200201848782 121.2 121.158655920827 121.2 121.2 121.1907639544 120.790338147186 121.2 120.637273964275 121.2 121.18587071242 121.198991365858 121.2 121.333969010368 121.2
30072015 123.97 123.97 123.97 124.009893854533 124.06980696745 123.97 124.339547265502 123.97 123.977642225025 123.970206466118 123.97 124.202143489496 123.97 123.97 123.960552866559 123.646833270701 123.97 123.392952397517 123.97 123.956579365155 123.97 123.97 124.107517267681 123.97
30062015 122.45 122.45 122.45 122.499186678208 122.607695546623 122.45 122.815016235062 122.45 122.457344576605 122.450305909716 122.45 122.45 122.45 122.45 122.45 122.299892078415 122.45 121.875346618522 122.45 122.436743915973 122.448980861502 122.45 122.582883035818 122.45
30052015 123.75 123.75 123.75 123.809855064044 123.769900299 123.75 124.027794439378 123.75 123.757113375675 123.750824466845 123.75 124.103279156616 123.75 123.75 123.768993175464 123.825920328716 123.75 123.146540725676 123.75 123.737633037053 123.75 123.75 123.947445973162 123.75
30042015 118.51 118.51 118.51 118.732581510698 118.395662979358 118.51 118.776031668773 118.51 118.516022574707 118.509111760127 118.51 118.728131444937 118.51 118.51 118.519115102746 118.673575787531 118.51 117.923802471536 118.51 118.498156696737 118.509013555188 118.51 118.716291166986 118.51
30032015 120.11 120.11 120.11 120.326511448338 119.974358614308 120.11 120.471271968478 120.11 120.117004169779 120.109399889581 120.11 120.227353557107 120.11 120.11 120.119298239487 120.387458690799 120.11 119.499276918021 120.11 120.098996471834 120.11 120.11 120.450398743406 120.11
30022015 119.26 119.26 119.26 119.494313321303 119.202260914281 119.26 119.527715271436 119.26 119.267550503602 119.260198617869 119.26 119.360328935288 119.26 119.26 119.269266871952 119.646234326559 119.26 118.681335783316 119.26 119.249074342111 119.26 119.26 119.720796842516 119.26
30012015 118.22 118.22 118.22 118.451814532304 118.200936868666 118.22 118.487785322891 118.22 118.227287761898 118.220590682093 118.22 118.390241804958 118.22 118.22 118.14657109089 118.510918696939 118.22 117.662930483221 118.22 118.209169618685 118.220984039123 118.22 118.69281521499 118.22
30122014 120.64 120.64 120.64 120.87679201784 120.581649295121 120.64 120.913266971355 120.64 120.646834136955 120.640301399946 120.64 120.742004758057 120.64 120.64 120.509263592435 120.788070610303 120.64 120.063928591851 120.64 120.627943835071 120.636987201076 120.64 121.039125733375 120.64
30112014 118.21 118.21 118.21 118.490011348425 118.3053538955 118.21 118.389246757348 118.21 118.216401134886 118.210590685252 118.21 118.290524968291 118.21 118.21 118.045929610594 118.173789238059 118.21 117.676579255285 118.21 118.201138569354 118.21 118.21 118.601086314177 118.21
30102014 110.57 110.57 110.57 110.867802667811 111.092908874707 110.57 110.822747147053 110.57 110.575434888805 110.56935541308 110.57 110.771857011783 110.57 110.57 110.41695844151 110.434579933815 110.57 110.010605719876 110.57 110.561711290191 110.57 110.57 110.960075377583 110.57
30092014 109.37 109.37 109.37 109.665438789391 109.888756664517 109.37 109.620004119319 109.37 109.376013531124 109.369726759779 109.37 109.435690788132 109.37 109.37 109.218479561467 109.13482864836 109.37 108.794706334573 109.37 109.361801246343 109.37 109.37 109.742692020293 109.37
30082014 103.71 103.71 103.71 103.999362981233 104.168356522554 103.71 103.868703736554 103.71 103.715961439929 103.710259100431 103.71 103.57455255401 103.71 103.71 103.534417237525 103.391275779685 103.71 103.150586803255 103.71 103.702225539529 103.71 103.71 104.133280033136 103.71
30072014 102.78 102.78 102.78 103.083964602756 103.200113620072 102.78 102.986213442199 102.78 102.785651190718 102.779914406955 102.78 102.606408551312 102.78 102.78 102.605991743061 102.400372678661 102.78 102.229161648635 102.78 102.772295255547 102.78085569066 102.78 103.138982130443 102.78
30062014 101.3 101.3 101.3 101.607772212219 101.747265991504 101.3 101.521135387607 101.3 101.305654180572 101.299915640311 101.3 101.005417977915 101.3 101.3 101.120293281796 100.956651548229 101.3 100.76579880127 101.3 101.29156290273 101.299156638041 101.3 101.647043756323 101.3
30052014 101.92 101.92 101.92 102.205211333909 102.320883342912 101.92 102.152533185048 101.92 101.925773667428 101.920254630989 101.92 101.333922348474 101.92 101.92 101.754444262487 101.668418849728 101.92 101.408710125793 101.92 101.912359724123 101.92 101.92 102.209898425236 101.92
30042014 102.58 102.58 102.58 102.716594095916 102.647866444535 102.58 102.820410514512 102.58 102.585554762005 102.579402028021 102.58 102.02362694312 102.58 102.58 102.444966043293 102.421671996753 102.58 102.080538870729 102.58 102.572310248239 102.579145896213 102.58 102.9013890631 102.58
30032014 102.85 102.85 102.85 102.978709696191 102.918248262803 102.85 103.11722488397 102.85 102.856168964506 102.849571778251 102.85 102.112954995509 102.85 102.85 102.754012069029 102.786236754288 102.85 102.328113844958 102.85 102.843146302906 102.849143562563 102.85 103.090419028521 102.85
30022014 101.8 101.8 101.8 101.91883791635 101.918421738415 101.8 102.090696601039 101.8 101.80652986249 101.800339079589 101.8 101.365345505865 101.8 101.8 101.664608918244 101.768350682822 101.8 101.350981300606 101.8 101.794063917191 101.8 101.8 102.039481570161 101.8
30012014 102.82 102.82 102.82 102.957050550407 103.008019453198 102.82 103.104657541358 102.82 102.826252791529 102.819914379633 102.82 102.331918368576 102.82 102.82 102.69086727304 102.852036151771 102.82 102.315556472216 102.82 102.81400443974 102.821712311093 102.82 103.13123247386 102.82
30122013 105.3 105.3 105.3 105.440496640925 105.475121983613 105.3 105.599332684132 105.3 105.306491298662 105.300087685588 105.3 104.856423280242 105.3 105.3 105.192688672406 105.283576385016 105.3 104.783389384597 105.3 105.292106347627 105.299123248891 105.3 105.579471429549 105.3
30112013 101.37 101.37 101.37 101.462826733604 101.538754484272 101.37 101.647007928424 101.37 101.376164612695 101.370253244247 101.37 101.018580442017 101.37 101.37 101.290785545093 101.290971248328 101.37 100.81580412434 101.37 101.363244926841 101.370844036087 101.37 101.642512970973 101.37
30102013 98.2 98.2 98.2 98.2817863008057 98.3965988925682 98.2 98.4504620542601 98.2 98.2057264963146 98.1998364495904 98.2 98.1321819348615 98.2 98.2 98.1003928014792 98.0930362747948 98.2 97.6942724699611 98.2 98.192638588195 98.1991823650625 98.2 98.4563192380729 98.2
30092013 97.75 97.75 97.75 97.8229375422768 97.9289333384054 97.75 97.9913667230288 97.75 97.7558630654398 97.7499186007151 97.75 97.7057150187386 97.75 97.75 97.6267574875242 97.6272236340025 97.75 97.2156458383042 97.75 97.7434861556544 97.75 97.75 97.9642979737066 97.75
30082013 98.33 98.33 98.33 98.3878156648592 98.4456653239328 98.33 98.5704697276899 98.33 98.3359797412085 98.33 98.33 98.5922234689937 98.33 98.33 98.1710136366168 98.095663738233 98.33 97.7803456216387 98.33 98.3234475057339 98.3308187241632 98.33 98.4415502066579 98.33
30072013 98.12 98.12 98.12 98.1364716602509 98.2025108076886 98.12 98.3639928263146 98.12 98.1259669704808 98.1199182934217 98.12 98.1997189748249 98.12 98.12 97.9752612320934 97.8446077531084 98.12 97.5816504408522 98.12 98.1126445852719 98.12 98.12 98.2872625749469 98.12
30062013 98.14 98.14 98.14 98.1161749088658 98.2390915707512 98.14 98.3652051833073 98.14 98.1460499150112 98.1400817233008 98.14 98.5125116397503 98.14 98.14 98.0296356707102 97.9471071885072 98.14 97.5949403548659 98.14 98.1326430860026 98.1416340462429 98.14 98.2756713128052 98.14
30052013 101.03 101.03 101.03 100.971711524506 101.046968710981 101.03 101.248793343143 101.03 101.036143936279 101.030084130707 101.03 101.344841626892 101.03 101.03 100.937640161306 100.930790911133 101.03 100.454898951014 101.03 101.020744430517 101.033363350411 101.03 101.186263965252 101.03
30042013 98.8 98.8 98.8 98.7263339523633 98.7667697993395 98.8 99.0020334198992 98.8 98.8059260446594 98.7995063714553 98.8 99.3155368582292 98.8 98.8 98.7096787878554 98.7029807187959 98.8 98.259737789092 98.8 98.7876600239346 98.7991778621914 98.8 99.0817036224778 98.8
30032013 94.15 94.15 94.15 94.1025045222249 94.1182697387452 94.15 94.3380623733108 94.15 94.156117563279 94.1492944597161 94.15 94.5858126352748 94.15 94.15 93.9968678485548 94.0308473654121 94.15 93.6321206418857 94.15 94.1390241549035 94.150783450595 94.15 94.3338950704887 94.15
30022013 92.48 92.48 92.48 92.4566588248123 92.48 92.48 92.6533068534705 92.48 92.4867021279461 92.4803080053755 92.48 92.9695849083411 92.48 92.48 92.3615095319673 92.4013937994423 92.48 91.9238809472121 92.48 92.4684493827275 92.4792304523832 92.48 92.6384198257052 92.48
30012013 91.07 91.07 91.07 91.0623298486774 91.0240351952345 91.07 91.2355275248266 91.07 91.0762966133555 91.0700758291392 91.07 91.5477817008727 91.07 91.07 90.9399154180193 91.0570886786221 91.07 90.4919064583788 91.07 91.059383216007 91.0715155726092 91.07 91.234487137043 91.07
30122012 86.55 86.55 86.55 86.5354143094265 86.4207235793656 86.55 86.6833791667116 86.55 86.5559120283915 86.5497117426166 86.55 87.0484877871212 86.55 86.55 86.4204722218957 86.5255127966587 86.55 86.045067850869 86.55 86.5384699902344 86.55 86.55 86.7289867370908 86.55
30112012 82.45 82.45 82.45 82.4223525885266 82.3410598976705 82.45 82.5822591805063 82.45 82.4559065888476 82.4500686496665 82.45 82.9243614842312 82.45 82.45 82.3035000449233 82.3802156814696 82.45 81.9669355758951 82.45 82.4390161836491 82.45 82.45 82.5734006473976 82.45
30102012 79.64 79.64 79.64 79.6199602274481 79.5480389021472 79.64 79.772770968212 79.64 79.6456389701549 79.64 79.64 80.0986893976469 79.64 79.64 79.5100267367915 79.5275928538136 79.64 79.2019961321242 79.64 79.629390525965 79.6386746657082 79.64 79.8189547068772 79.64
30092012 77.57 77.57 77.57 77.5374384143982 77.5178818139761 77.57 77.703065310156 77.57 77.5754924022465 77.5699354135816 77.57 77.8286125062814 77.57 77.57 77.4595774028553 77.4158491808189 77.57 77.1734992827374 77.57 77.560957022792 77.5693544575049 77.57 77.7512198479127 77.57
30082012 78.45 78.45 78.45 78.4229560846033 78.4104047553108 78.45 78.5736053552116 78.45 78.4556200351133 78.4501306390657 78.45 78.605144301741 78.45 78.45 78.3602645423218 78.3156666584254 78.45 77.9412549397669 78.45 78.4415072291392 78.4519584347646 78.45 78.7301163674106 78.45
30072012 78.15 78.15 78.15 78.1381886161453 78.1710384672792 78.15 78.274575567138 78.15 78.1554683949871 78.1505205852673 78.15 78.2062841072246 78.15 78.15 78.0439028520083 77.9379497424659 78.15 77.5710158019878 78.15 78.1395890206449 78.15 78.15 78.444399965189 78.15
30062012 79.3 79.3 79.3 79.3126091633694 79.3918590382517 79.3 79.4236759857356 79.3 79.3050205847362 79.2994717576877 79.3 79.097355995268 79.3 79.3 79.186824709345 79.0851974784541 79.3 78.7021099604479 79.3 79.289435820053 79.3 79.3 79.6058467055108 79.3
30052012 78.8 78.8 78.8 78.8322688315768 78.8513471476014 78.8 78.9480041792237 78.8 78.805513877479 78.8006561510418 78.8 78.0031389125847 78.8 78.8 78.6535779050025 78.5867342740617 78.8 78.1911955008937 78.8 78.789502429006 78.7986886446234 78.8 79.130744891741 78.8
30042012 81.15 81.15 81.15 81.1832645233539 81.2029315024041 81.15 81.3253711040678 81.15 81.1550025535272 81.1493242866285 81.15 80.229934343227 81.15 81.15 80.9693905985408 80.9996671792784 81.15 80.5395751369917 81.15 81.1405396725483 81.1493246645163 81.15 81.395563817142 81.15
30032012 82.15 82.15 82.15 82.1706974029713 82.136232380846 82.15 82.3259236748525 82.15 82.1557482872449 82.1499315994936 82.15 82.4063479483208 82.15 82.15 81.9536903300965 82.0793939174284 82.15 81.5045811387882 82.15 82.1411066778047 82.1479486346969 82.15 82.4347653272588 82.15
30022012 80.65 80.65 80.65 80.6567794193817 80.6364565304818 80.65 80.8227114348978 80.65 80.6557104839653 80.6503357653598 80.65 80.7198214180684 80.65 80.65 80.4564337361703 80.6036227269656 80.65 79.998606568491 80.65 80.6432828045919 80.6486570531723 80.65 80.8675508660818 80.65
30012012 76.36 76.36 76.36 76.3471575327973 76.321498484024 76.36 76.5248808945127 76.36 76.3650888010424 76.3601271663113 76.36 76.5339972570993 76.36 76.36 76.1702717402891 76.36 76.36 75.7794075546991 76.36 76.3549115380641 76.3593641462059 76.36 76.5474951446886 76.36
30122011 77.72 77.72 77.72 77.6873754488466 77.6547645925122 77.72 77.864605718692 77.72 77.725049994881 77.7200647165383 77.72 77.7339746525112 77.72 77.72 77.504201672772 77.7088100202002 77.72 77.1152684192122 77.72 77.7154680515134 77.7206471839758 77.72 77.9590427916465 77.72
30112011 78.05 78.05 78.05 78.0376040136102 78.0630695434255 78.05 78.1952197162109 78.05 78.0550064417222 78.0497400391356 78.05 78.0359987389123 78.05 78.05 77.8276868802777 77.9712352593299 78.05 77.4374969416538 78.05 78.0447989201925 78.0493500734857 78.05 78.3039400323358 78.05
30102011 79.2 79.2 79.2 79.2 79.2132754498885 79.2 79.3464182960858 79.2 79.205344016324 79.2000659469402 79.2 79.4725236667936 79.2 79.2 78.9515228833745 78.994192563334 79.2 78.5679938991594 79.2 79.1953817508989 79.2006595081174 79.2 79.4106831489971 79.2
30092011 76.63 76.63 76.63 76.6428511337907 76.6814693224939 76.63 76.7651614562789 76.63 76.6351067944457 76.6299361930578 76.63 76.718057708931 76.63 76.63 76.3942912608187 76.3320492194215 76.63 76.0069165033862 76.63 76.6248935458598 76.6312760288785 76.63 76.8408450474965 76.63
30082011 76.59 76.59 76.59 76.6028703264667 76.6157428156871 76.59 76.643890847057 76.59 76.5951679066951 76.5905102088402 76.59 76.7054569037798 76.59 76.59 76.3600678873476 76.266653947525 76.59 76.0893312874726 76.59 76.5836209547885 76.5880869000345 76.59 76.8205489969789 76.59
30072011 77.55 77.55 77.55 77.562954583931 77.5888897532058 77.55 77.5959773105651 77.55 77.5547160472971 77.5502583170255 77.55 77.667278468422 77.55 77.55 77.3227572616624 77.1651087573129 77.55 77.1722095141685 77.55 77.5454779644218 77.5512914775845 77.55 77.7657361385086 77.55
30062011 80.72 80.72 80.72 80.7402169109455 80.7334638811318 80.72 80.6845964375512 80.72 80.724639932804 80.72 80.72 81.2157049111545 80.72 80.72 80.4836760629649 80.2839251162593 80.72 80.3910679494397 80.72 80.7139489494817 80.72 80.72 80.9447892774172 80.72
30052011 80.85 80.85 80.85 80.8702697772584 80.8095971920928 80.85 80.8294999352455 80.85 80.8546474054411 80.8504713176618 80.85 81.7607651784241 80.85 80.85 80.6363758650593 80.4712871845922 80.85 80.5292607802033 80.85 80.8439392042318 80.8506731133475 80.85 81.1755857553406 80.85
30042011 82.06 82.06 82.06 82.06 82.0325634334949 82.06 82.0683597788148 82.06 82.0642385623433 82.0584283535482 82.06 82.9834055755939 82.06 82.06 81.878480888986 81.7583634499524 82.06 81.7502043157909 82.06 82.0531653681936 82.062732100384 82.06 82.4550941855713 82.06
30032011 83.13 83.13 83.13 83.13 83.1021217923898 83.13 83.1313234407048 83.13 83.1358860822322 83.1294462946431 83.13 82.9340540545255 83.13 83.13 82.9880454734504 82.9455509319144 83.13 82.8498699683776 83.13 83.1203088475531 83.1313834363786 83.13 83.5252316044174 83.13
30022011 81.7 81.7 81.7 81.7 81.7274354501047 81.7 81.694060181656 81.7 81.7063290526941 81.700544184157 81.7 81.502472842526 81.7 81.7 81.5905535856178 81.5544955360808 81.7 81.4107832263387 81.7 81.6891160970786 81.7006797146369 81.7 82.0431286413492 81.7
30012011 82.05 82.05 82.05 82.05 82.0362753614411 82.05 82.0552647837979 82.05 82.0558096120192 82.0498633676177 82.05 81.7485807852872 82.05 82.05 81.9518523924757 81.9767081812996 82.05 81.8234677659468 82.05 82.0383869409169 82.0506825583674 82.05 82.4466237738279 82.05
30122010 81.45 81.45 81.45 81.4567993427523 81.4772144162908 81.45 81.4657566789168 81.45 81.4559027716394 81.4497287418718 81.45 81.1651419978049 81.45 81.45 81.3769171989354 81.4135977441509 81.45 81.230287307928 81.45 81.4377943971931 81.4506774994495 81.45 81.8112818335513 81.45
30112010 84.15 84.15 84.15 84.1640149605804 84.234293545179 84.15 84.1757846128968 84.15 84.1563787149812 84.15 84.15 83.7564154714878 84.15 84.15 84.068168655144 84.0998360135642 84.15 83.9268098191794 84.15 84.1366899442931 84.15 84.15 84.5180329620583 84.15
30102010 80.58 80.58 80.58 80.539752140443 80.6069507429299 80.58 80.6114776760856 80.58 80.5861081028305 80.58 80.58 79.9860924323372 80.58 80.58 80.5015698849476 80.5198790338879 80.58 80.3848166529974 80.58 80.5672546133231 80.58 80.58 80.9331610008228 80.58
30092010 83.4 83.4 83.4 83.3374292447889 83.4279781365932 83.4 83.4282942437646 83.4 83.4063218636891 83.3997222587622 83.4 82.517259431731 83.4 83.4 83.3187521250102 83.300238817871 83.4 83.2082279802795 83.4 83.3868085722406 83.4 83.4 83.8255295690729 83.4
30082010 84.25 84.25 84.25 84.1866012726815 84.2217177388647 84.25 84.341132074221 84.25 84.2566668892896 84.2500701420783 84.25 83.2295060736938 84.25 84.25 84.1639830760858 84.1655107869904 84.25 84.1137743114371 84.25 84.2366741272335 84.2492992160363 84.25 84.774736750737 84.25
30072010 86.5 86.5 86.5 86.4495712992214 86.5144714180417 86.5 86.6365435506614 86.5 86.5067729158304 86.4999279847511 86.5 85.4040410860317 86.5 86.5 86.4247221135367 86.3664403786593 86.5 86.3682352240278 86.5 86.4870376348336 86.5 86.5 87.0706286935028 86.5
30062010 88.6 88.6 88.6 88.5336606742648 88.5851945913112 88.6 88.7666458385035 88.6 88.607011114434 88.6002950594199 88.6 87.2948222046192 88.6 88.6 88.452604686484 88.4739858866188 88.6 88.4738700160886 88.6 88.5867229415752 88.6014738785846 88.6 89.1694738411559 88.6
30052010 91.3 91.3 91.3 91.2089084270499 91.239019423701 91.3 91.4170131771699 91.3 91.3069206972999 91.2998479733245 91.3 89.6224007006859 91.3 91.3 91.1320079358415 91.1714134862577 91.3 91.175796912766 91.3 91.2847997951953 91.3 91.3 91.6844745024267 91.3
30042010 94.06 94.06 94.06 93.9739288144225 93.9346445157685 94.06 94.134058164437 94.06 94.0672865446316 94.0596867647622 94.06 92.150586256977 94.06 94.06 93.880887207298 93.9400456411364 94.06 93.9470999215685 94.06 94.0443402928376 94.0568703521522 94.06 94.364078316655 94.06
30032010 93.25 93.25 93.25 93.1644137052155 93.0789059628585 93.25 93.3371680187152 93.25 93.2575343592691 93.2496894746043 93.25 91.2430234738445 93.25 93.25 93.0852618283472 93.1854699503053 93.25 93.0861417659892 93.25 93.2375774302641 93.2476721544568 93.25 93.3782044658805 93.25
30022010 89.25 89.25 89.25 89.1533924606278 89.1456537183359 89.25 89.3360449463852 89.25 89.2575083998701 89.2503715098369 89.25 87.972693125748 89.25 89.25 89.0573682757777 89.1572598672679 89.25 89.1076213479139 89.25 89.2403380522711 89.2485142952217 89.25 89.3190066901662 89.25
30012010 89.85 89.85 89.85 89.723343820159 89.7302552598533 89.85 89.931362619521 89.85 89.8571848392184 89.8496259941748 89.85 89.4771105576253 89.85 89.85 89.6491553593446 89.8323864687602 89.85 89.5978280510339 89.85 89.8417686536867 89.8507478930398 89.85 89.697996503341 89.85
30122009 92.06 92.06 92.06 91.9154040669093 91.937554731233 92.06 92.1637334767546 92.06 92.0677447987904 92.0596934495911 92.06 92.4557355085551 92.06 92.06 91.9203250891369 91.8846378085598 92.06 91.6766238599438 92.06 92.050799978918 92.06 92.06 91.6611597477998 92.06
30112009 86.75 86.75 86.75 86.5646053220326 86.6348470881748 86.75 86.8366202098835 86.75 86.7575869744604 86.7499277845507 86.75 87.8176272977627 86.75 86.75 86.7637031937751 86.5529543749089 86.75 86.3682874834404 86.75 86.7413306340554 86.75 86.75 86.2192046318789 86.75
30102009 91.38 91.38 91.38 91.2076496971063 91.3345621471263 91.38 91.4162148313819 91.38 91.3880679810557 91.3803042840518 91.38 92.8427988329543 91.38 91.38 91.4785685569345 91.1485538982029 91.38 90.8875554844643 91.38 91.3708679347548 91.3822814485795 91.38 90.9031207772528 91.38
30092009 89.77 89.77 89.77 89.6006862914121 89.77 89.77 89.7788624385904 89.77 89.7776268850875 89.7697010780437 89.77 91.2889488348822 89.77 89.77 89.8815952451616 89.5150449848703 89.77 89.2105687056882 89.77 89.7587878577794 89.7707469287067 89.77 88.9243339601709 89.77
30082009 92.7 92.7 92.7 92.5246423663091 92.6076966362644 92.7 92.6948715750119 92.7 92.7081845244458 92.7003086794878 92.7 94.6750676657093 92.7 92.7 92.8637306174819 92.3962853048851 92.7 92.1023720614581 92.7 92.6876507001124 92.7 92.7 91.6262310521619 92.7
30072009 95.33 95.33 95.33 95.1889129937696 95.1882865840704 95.33 95.3059736038496 95.33 95.3380992642909 95.3298412802802 95.33 97.5068361083133 95.33 95.33 95.4443236489998 94.9228957934768 95.33 94.650008521738 95.33 95.3173003370196 95.3339648310784 95.33 94.1738061915526 95.33
30062009 95.95 95.95 95.95 95.8630671579026 95.776213078901 95.95 95.962199914432 95.95 95.9583117054973 95.950159752255 95.95 98.4699978650134 95.95 95.95 96.0530696576337 95.8416328134333 95.95 95.2602880147484 95.95 95.9332278222376 95.9476059483086 95.95 94.8057519203601 95.95
30052009 96.5 96.5 96.5 96.4920248586496 96.2156954337225 96.5 96.5018540492005 96.5 96.5081986678283 96.4998393322883 96.5 99.4428109225921 96.5 96.5 96.5594533145098 96.7502494369894 96.5 95.8479872327601 96.5 96.485539095508 96.4975915041065 96.5 95.4277464767741 96.5
30042009 97.6 97.6 97.6 97.5758038348189 97.2805555590946 97.6 97.5788341334864 97.6 97.6084546373792 97.6003250023726 97.6 101.03951677151 97.6 97.6 97.6313071755101 98.0590319554912 97.6 96.8684011908039 97.6 97.5878099021864 97.60243601105 97.6 96.4938817117005 97.6
30032009 98.1 98.1 98.1 98.091860339024 97.730299405228 98.1 98.0618120505375 98.1 98.1081712555171 98.0991017018209 98.1 101.900383185295 98.1 98.1 98.0811697327914 98.6241541596196 98.1 97.3409616495112 98.1 98.0852993292159 98.1032635273805 98.1 97.0762226796037 98.1
30022009 97.55 97.55 97.55 97.55 97.278662959369 97.55 97.5242097011149 97.55 97.5590187876109 97.5492692217888 97.55 100.354325206577 97.55 97.55 97.55 98.2148923373271 97.55 96.7450107354306 97.55 97.5321371127938 97.5443202562885 97.55 96.6939574611388 97.55
30012009 89.6 89.6 89.6 89.6294502483933 89.4680624828161 89.6 89.5819434906898 89.6 89.6089550757748 89.5932168162341 89.6 91.4421478695058 89.6 89.6 89.5938824971851 90.2013403000651 89.6 88.8956467539513 89.6 89.5888090905318 89.6007455142265 89.6 88.994580471841 89.6
30122008 90.75 90.75 90.75 90.8249001773967 90.75 90.75 90.7230964184307 90.75 90.7659414641429 90.7432113829788 90.75 91.7943145566814 90.75 90.75 90.669942934506 91.0418094288268 90.75 90.1959256557594 90.75 90.7379104750292 90.7673477138497 90.75 90.3230170527806 90.75
30112008 95.25 95.25 95.25 95.3824798224168 95.5151439062861 95.25 95.2432577308409 95.25 95.2738589774142 95.2352953218511 95.25 95.8075217538414 95.25 95.25 94.9613028296585 95.1233876230166 95.25 94.6874615536654 95.25 95.2191089684972 95.2957376636239 95.25 94.9215128523925 95.25
30102008 98.3 98.3 98.3 98.4698683866009 98.5750219756902 98.3 98.3513816095626 98.3 98.3398046473111 98.2993478707945 98.3 98.4766872116912 98.3 98.3 97.9046683403382 97.8962840004305 98.3 97.8068581749601 98.3 98.22095553363 98.3678904750538 98.3 97.9269071949385 98.3
30092008 104.3 104.3 104.3 104.480236752009 104.678522578496 104.3 104.369282636106 104.3 104.342926447449 104.299221640822 104.3 104.715534947057 104.3 104.3 103.845095084861 103.703903450236 104.3 103.843100932551 104.3 104.144204096311 104.3162067165 104.3 104.169535962995 104.3
30082008 109.1 109.1 109.1 109.306760321738 109.404310012415 109.1 109.156391874003 109.1 109.145716490766 109.100090461232 109.1 109.006791158175 109.1 109.1 108.611119459205 108.361417975665 109.1 108.546924816485 109.1 108.920109583609 109.10089129982 109.1 109.083996938725 109.1
30072008 107.99 107.99 107.99 108.168336231345 108.220357536386 107.99 108.051739383072 107.99 108.035161785921 107.989462769728 107.99 107.981713028817 107.99 107.99 107.548294107165 107.255421645215 107.99 107.457910832184 107.99 107.811059046346 107.989117775608 107.99 108.019280458233 107.99
30062008 106.4 106.4 106.4 106.513985050296 106.575706173526 106.4 106.460830357986 106.4 106.445026386817 106.40044110008 106.4 106.195094765316 106.4 106.4 106.041001084845 105.871922266642 106.4 105.857027244561 106.4 106.224561500421 106.398261281646 106.4 106.394199805884 106.4
30052008 105.66 105.66 105.66 105.730782942133 105.66 105.66 105.90864233841 105.66 105.704275017546 105.659824784982 105.66 105.610013555135 105.66 105.66 105.315225357077 105.160257839695 105.66 105.10529562915 105.66 105.487505462372 105.685867279226 105.66 105.678083323438 105.66
30042008 104.08 104.08 104.08 104.183385360175 104.14863876808 104.08 104.34993386813 104.08 104.123785613072 104.079568528266 104.08 103.999877495883 104.08 104.08 103.745399348203 103.670301095601 104.08 103.49365217172 104.08 103.884652235633 104.107942668454 104.08 104.214246216492 104.08
30032008 100.1 100.1 100.1 100.182756502437 100.083038209204 100.1 100.390058596533 100.1 100.142526407937 100.100580969939 100.1 100.02294136566 100.1 100.1 99.7752620181124 99.799103958938 100.1 99.5467006889008 100.1 99.8853057917343 100.130029504656 100.1 100.289152652938 100.1
30022008 104.73 104.73 104.73 104.790477150521 104.834919695358 104.73 105.038639524537 104.73 104.773885316937 104.730173676552 104.73 104.504817116825 104.73 104.73 104.359835670355 104.500953608229 104.73 104.236961775952 104.73 104.474033687186 104.811013921105 104.73 104.927901671751 104.73
30012008 106.36 106.36 106.36 106.422198293088 106.484432959133 106.36 106.66988565846 106.36 106.404391887345 106.360440964965 106.36 106.214543868193 106.36 106.36 106.004827522729 106.214200708248 106.36 105.857140387448 106.36 106.018039586311 106.385548286883 106.36 106.496486636247 106.36
30122007 114 114 114 114.057088948453 114.05603536241 114 114.320136942861 114 114.047107788439 113.999716414031 114 113.844095533791 114 114 113.595388491856 113.796803490096 114 113.428589116741 114 113.606187188581 114.022758953675 114 114.200127694124 114
30112007 110.3 110.3 110.3 110.327984291411 110.447832171878 110.3 110.626743495799 110.3 110.345853347374 110.299451261526 110.3 109.999864650787 110.3 110.3 109.984397485619 110.102095993962 110.3 109.737770234769 110.3 109.897028995689 110.323722994041 110.3 110.462763837563 110.3
30102007 114.75 114.75 114.75 114.730585392243 114.902305647033 114.75 115.13633386493 114.75 114.798274395657 114.74961943391 114.75 114.40694563791 114.75 114.75 114.486107527507 114.463954094777 114.75 114.129920737978 114.75 114.306186693287 114.766417487372 114.75 114.910757198373 114.75
30092007 115.05 115.05 115.05 115.030534635099 115.259841718486 115.05 115.398120437568 115.05 115.098782326047 115.052385034311 115.05 114.665376556098 115.05 115.05 114.865689988406 114.649365985978 115.05 114.431718838976 115.05 114.588631996896 115.057306385897 115.05 115.21117747863 115.05
30082007 116.2 116.2 116.2 116.2 116.217811615047 116.2 116.601366861441 116.2 116.246860091585 116.198650978387 116.2 115.983623860292 116.2 116.2 115.973510549746 115.632933679183 116.2 115.623730333774 116.2 115.726670963256 116.222105973578 116.2 116.330136103668 116.2
30072007 118.95 118.95 118.95 118.929794798644 118.95 118.95 119.300723350546 118.95 118.999350607487 118.948915103275 118.95 118.737625729269 118.95 118.95 118.68461893288 118.31908976034 118.95 118.360125774607 118.95 118.442936442822 118.949058243241 118.95 119.083215916793 118.95
30062007 123.23 123.23 123.23 123.23 123.292850050222 123.23 123.539266006498 123.23 123.282250726109 123.228876190057 123.23 122.997721756114 123.23 123.23 122.954609291507 122.57529196937 123.23 122.607512172415 123.23 122.705663024266 123.23 123.23 123.396676738449 123.23
30052007 121.62 121.62 121.62 121.62 121.518851919592 121.62 121.87792423583 121.62 121.672677678117 121.621008301367 121.62 121.373298028997 121.62 121.62 121.363674511141 121.142368374675 121.62 120.986233226335 121.62 121.102513487067 121.62 121.62 121.80953973179 121.62
30042007 119.6 119.6 119.6 119.589796004541 119.401054151405 119.6 119.863734417821 119.6 119.650810773119 119.600198322056 119.6 119.336780565866 119.6 119.6 119.320750171596 119.348048136298 119.6 119.015021120488 119.6 119.091108477662 119.600946910468 119.6 119.826739559359 119.6
30032007 117.65 117.65 117.65 117.630881284101 117.396072086846 117.65 117.905063666517 117.65 117.699787165499 117.664839022994 117.65 117.307143326854 117.65 117.65 117.415191979877 117.683154861842 117.65 117.120254386211 117.65 117.148478121042 117.65 117.65 117.980952924106 117.65
30022007 118.48 118.48 118.48 118.48 118.461841680536 118.48 118.728659460853 118.48 118.515190256991 118.488858693669 118.48 118.086256878922 118.48 118.48 118.284978848866 118.597348761488 118.48 117.954977852375 118.48 117.97493997264 118.479061964348 118.48 118.73201982897 118.48
30012007 121.68 121.68 121.68 121.71005124668 121.638665656308 121.68 121.949542257079 121.68 121.707040724844 121.681213638473 121.68 121.294047428808 121.68 121.68 121.426204241329 121.783601751527 121.68 121.160163407873 121.68 121.162258190317 121.679036537616 121.68 121.981894000125 121.68
30122006 118.95 118.95 118.95 118.979407072356 118.889363771128 118.95 119.129218919858 118.95 118.975247380692 118.949802256388 118.95 118.503206137245 118.95 118.95 118.761985202108 119.051450108534 118.95 118.458161723556 118.95 118.444812038619 118.950941853699 118.95 119.317496628359 118.95
30112006 116.4 116.4 116.4 116.438527885711 116.496887325493 116.4 116.603086993668 116.4 116.42489968384 116.400290258752 116.4 115.855358817018 116.4 116.4 116.275118981389 116.366870633982 116.4 115.942930051915 116.4 115.904724304346 116.4 116.4 116.862390803646 116.4
30102006 117.65 117.65 117.65 117.70885684836 117.825920401447 117.65 117.842853475675 117.65 117.674873639535 117.649315472987 117.65 117.215873204225 117.65 117.65 117.44836483018 117.348456410684 117.65 117.228165773174 117.65 117.149405622048 117.65 117.65 118.183133036244 117.65
30092006 117.8 117.8 117.8 117.88803944843 118.016435731141 117.8 117.991348047469 117.8 117.825590901292 117.801077086316 117.8 117.245110670614 117.8 117.8 117.437406666033 117.297199006654 117.8 117.347890094142 117.8 117.298767380172 117.8 117.8 118.253669734916 117.8
30082006 117.32 117.32 117.32 117.399828970895 117.379713996348 117.32 117.490069157374 117.32 117.344413705241 117.329269430343 117.32 116.872742603885 117.32 117.32 116.923979034037 116.818391327098 117.32 116.854700428135 117.32 116.820809754174 117.319071060101 117.32 117.784734863268 117.32
30072006 114.8 114.8 114.8 114.89745249266 114.936247825481 114.8 115.002571209891 114.8 114.814817809458 114.811374036423 114.8 114.375162610867 114.8 114.8 114.402711376691 114.224354215559 114.8 114.345217121329 114.8 114.312437343703 114.777249385906 114.8 115.225724441375 114.8
30062006 114.95 114.95 114.95 115.008359320193 115.145043715954 114.95 115.1756141142 114.95 114.953447931128 114.951532247855 114.95 114.651917549503 114.95 114.95 114.55996192459 114.489256925326 114.95 114.507940254752 114.95 114.48448837172 114.945437061533 114.95 115.358332236468 114.95
30052006 112.24 112.24 112.24 112.278140598893 112.278101716925 112.24 112.459207821866 112.24 112.241870495211 112.241683427453 112.24 111.916074000878 112.24 112.24 111.915104998199 112.031179285209 112.24 111.793135637663 112.24 111.789900524394 112.226621688618 112.24 112.673446183849 112.24
30042006 114.3 114.3 114.3 114.32920363037 114.3 114.3 114.495955549859 114.3 114.300190498254 114.3 114.3 114.021566492052 114.3 114.3 113.991651131109 114.201252484724 114.3 113.864511268898 114.3 113.855210445439 114.281804862459 114.3 114.64086712351 114.3
30032006 117.4 117.4 117.4 117.44009842311 117.420016710705 117.4 117.566438767665 117.4 117.400195664873 117.400097831907 117.4 117.161983837995 117.4 117.4 117.055379887009 117.178536478947 117.4 116.952103038775 117.4 116.961765894244 117.390641912996 117.4 117.716103477483 117.4
30022006 116.25 116.25 116.25 116.299507376559 116.34903583682 116.25 116.468463814658 116.25 116.250096874556 116.25 116.25 116.046243390806 116.25 116.25 115.864632919254 115.962310161582 116.25 115.799916717721 116.25 115.825291212592 116.231441268968 116.25 116.546887042717 116.25
30012006 117.71 117.71 117.71 117.699997194853 117.770157453697 117.71 117.931207532244 117.71 117.710098091217 117.71 117.71 117.176261483335 117.71 117.71 117.378808576426 117.48580452622 117.71 117.323832914885 117.71 117.298683383651 117.697765645849 117.71 117.984325565496 117.71
30122005 117.97 117.97 117.97 117.889946630764 117.889783660869 117.97 118.173147951049 117.97 117.970098307883 117.97 117.97 117.652219848949 117.97 117.97 117.630709791831 117.642322124327 117.97 117.599569612272 117.97 117.569994662489 117.954888231209 117.97 118.237373677791 117.97
30112005 119.63 119.63 119.63 119.559145041187 119.670693258169 119.63 119.888135080788 119.63 119.63009969121 119.63 119.63 119.343965998698 119.63 119.63 119.208333948493 119.160125009612 119.63 119.234949395606 119.63 119.239640445459 119.608890904029 119.63 119.821446324715 119.63
30102005 115.7 115.7 115.7 115.670536532781 115.759130213174 115.7 115.945409895242 115.7 115.700096416225 115.7 115.7 115.595204290931 115.7 115.7 115.26501229073 115.176095087883 115.7 115.332594871939 115.7 115.342816869769 115.685124707792 115.7 115.889596197092 115.7
30092005 113.15 113.15 113.15 113.121097578996 113.208004863232 113.15 113.379393610517 113.15 113.150094291234 113.15 113.15 113.094170164133 113.15 113.15 112.805466280491 112.699282043707 113.15 112.793346820616 113.15 112.815193498558 113.139074493065 113.15 113.442089948346 113.15
30082005 111.3 111.3 111.3 111.271541055326 111.3 111.3 111.536432738188 111.3 111.300092749575 111.3 111.3 111.410352273631 111.3 111.3 111.009862903792 110.837602787889 111.3 110.961396677553 111.3 110.98138368773 111.278469861759 111.3 111.57679545356 111.3
30072005 112.22 112.22 112.22 112.172277978734 112.143615592897 112.22 112.459240726194 112.22 112.220093516238 112.22 112.22 112.201576392434 112.22 112.22 111.985603197882 111.802342604534 112.22 111.889392430053 112.22 111.92040017183 112.200056377852 112.22 112.581844297027 112.22
30062005 110.4 110.4 110.4 110.418756058845 110.325236076441 110.4 110.642555753326 110.4 110.400091999578 110.4 110.4 110.427368075768 110.4 110.4 110.144151053117 110.071615546796 110.4 110.112129665538 110.4 110.124830395442 110.396427935827 110.4 110.645063328268 110.4
30052005 108.08 108.08 108.08 108.08 107.91530136754 108.08 108.375950807852 108.08 108.080090066254 108.08 108.08 107.903727202171 108.08 108.08 107.772349852729 107.742616929383 108.08 107.715382299152 108.08 107.814101340835 108.061619711119 108.08 108.354203119127 108.08
30042005 105.89 105.89 105.89 105.871958045248 105.78201476509 105.89 106.225502118108 105.89 105.890088241262 105.889911759694 105.89 105.686538443686 105.89 105.89 105.610972856388 105.57333502938 105.89 105.471492008478 105.89 105.647455789581 105.876254743305 105.89 106.225805099122 105.89
30032005 107.35 107.35 107.35 107.32249479003 107.240189926569 107.35 107.691486927148 107.35 107.350178915027 107.350089457029 107.35 107.02584033209 107.35 107.35 107.081330166941 107.123963083944 107.35 106.895341556453 107.35 107.118016277665 107.338661852747 107.35 107.655485363409 107.35
30022005 104.73 104.73 104.73 104.721063763655 104.676448801 104.73 105.048533426329 104.73 104.7300872746 104.73 104.73 104.644395028545 104.73 104.73 104.474308946008 104.619333174007 104.73 104.255803686347 104.73 104.514716795612 104.711249351963 104.73 105.066404622338 104.73
30012005 104 104 104 104.01768678013 103.98234325245 104 104.31786343649 104 104.000086666269 104 104 103.868581490318 104 104 103.721422487678 103.952887854015 104 103.528691135659 104 103.804802387643 103.989826362254 104 104.370875214843 104
30122004 104.12 104.12 104.12 104.190702863501 104.225964089534 104.12 104.411248487127 104.12 104.120086766269 104.12 104.12 104.014464549594 104.12 104.12 103.817919120471 103.947159252558 104.12 103.683012559639 104.12 103.934744413849 104.100445423351 104.12 104.445796401684 104.12
30112004 103.18 103.18 103.18 103.223629106783 103.33747169013 103.18 103.494524191215 103.18 103.180085982939 103.18 103.18 103.075417328343 103.18 103.18 102.904630633657 102.914690483392 103.18 102.801558906496 103.18 103.015764101769 103.165648629308 103.18 103.616316820808 103.18
30102004 106.13 106.13 106.13 106.13 106.202140939385 106.13 106.411663163207 106.13 106.130088441261 106.13 106.13 105.468627590373 106.13 106.13 105.902832715549 105.888077022422 106.13 105.779591091489 106.13 105.975808705523 106.116954381632 106.13 106.531736415004 106.13
30092004 111 111 111 110.981145209327 111.056728207971 111 111.341672091335 111 111.000092499576 111 111 110.308987312951 111 111 110.761752965865 110.678130210276 111 110.714014641567 111 110.852359407227 110.983600498061 111 111.469528018591 111
30082004 109.65 109.65 109.65 109.640672609079 109.6873747485 109.65 109.993197293272 109.65 109.650091374581 109.650091374581 109.65 108.99571955746 109.65 109.65 109.380570273048 109.230670416219 109.65 109.324095457237 109.65 109.520335927603 109.63467347379 109.65 110.083888418191 109.65
30072004 112.08 112.08 112.08 112.08 112.137163301378 112.08 112.41789634383 112.08 112.08 112.079906600506 112.08 111.402033262707 112.08 112.08 111.778949644001 111.530886144259 112.08 111.67749856351 112.08 111.963112232923 112.058763187506 112.08 112.594208869874 112.08
30062004 108.38 108.38 108.38 108.334051641051 108.416904125798 108.38 108.693192445361 108.38 108.380090316253 108.38 108.38 107.677273039261 108.38 108.38 108.113199172288 107.931199040291 108.38 107.945849620839 108.38 108.287489158698 108.377317758262 108.38 108.933687712441 108.38
30052004 110.5 110.5 110.5 110.462094949872 110.424202902393 110.5 110.610024411303 110.5 110.500092082911 110.500092082911 110.5 110.137218989503 110.5 110.5 110.288853913623 110.199476782443 110.5 110.093333376095 110.5 110.40841201409 110.5 110.5 110.935470668565 110.5
30042004 110.2 110.2 110.2 110.190764407839 110.124408686369 110.2 110.265847321143 110.2 110.2 110.199908167164 110.2 109.893813720733 110.2 110.2 110.041970927563 109.974869575453 110.2 109.793833021984 110.2 110.108660669255 110.2 110.2 110.506869275673 110.2
30032004 104.3 104.3 104.3 104.3 104.210879154712 104.3 104.319901367327 104.3 104.300086916268 104.3 104.3 103.825742508529 104.3 104.3 104.156668477636 104.142931399203 104.3 103.94344713171 104.3 104.213550887507 104.300860522007 104.3 104.531517336799 104.3
30022004 109 109 109 108.972569624715 108.945146152416 109 109.124862046024 109 109.000090832917 109.000090832917 109 108.63217611396 109 109 108.826541964502 108.880054596773 109 108.650665610372 109 108.90875674359 108.999100708295 109 109.212908047613 109
30012004 105.97 105.97 105.97 105.933648885411 105.915007280624 105.97 106.100884336986 105.97 105.97 105.969911692145 105.97 105.675365234498 105.97 105.97 105.807950579283 105.926129143869 105.97 105.585882015972 105.97 105.882166707087 105.968251161403 105.97 106.173113818497 105.97
30122003 107.1 107.1 107.1 107.054279516484 106.972875690389 107.1 107.192884502975 107.1 107.100089249591 107.1 107.1 106.711550874385 107.1 107.1 106.94398731218 106.996571423017 107.1 106.658350131396 107.1 107.012996157281 107.101767516323 107.1 107.242317226683 107.1
30112003 109.5 109.5 109.5 109.5 109.5 109.5 109.610938850835 109.5 109.500091249582 109.5 109.5 109.243521784431 109.5 109.5 109.317949110869 109.379404859484 109.5 108.957025918467 109.5 109.409240864641 109.50090342435 109.5 109.558523488221 109.5
30102003 108.76 108.76 108.76 108.741854879781 108.81641319231 108.76 108.860609009714 108.76 108.760090632918 108.759909368064 108.76 108.561098740642 108.76 108.76 108.556511616146 108.670300852899 108.76 108.117523523103 108.76 108.668957646173 108.76 108.76 108.707513728667 108.76
30092003 111.2 111.2 111.2 111.172158913629 111.295097921411 111.2 111.301512066156 111.2 111.200185331634 111.200092665315 111.2 111.2 111.2 111.2 111.006863731205 111.061834125884 111.2 110.481220827946 111.2 111.10691513658 111.201834635347 111.2 111.108202973032 111.2
30082003 117.05 117.05 117.05 117.029432687757 117.05 117.05 117.139383354809 117.05 117.05009754122 117.049902459837 117.05 116.882325940124 117.05 117.05 116.846023002885 116.806295062506 117.05 116.291391654499 117.05 116.950088632825 117.048068880175 117.05 116.914094580205 117.05
30072003 120.1 120.1 120.1 120.059929214151 120.079932829324 120.1 120.128842825875 120.1 120.100200164832 120.100100081874 120.1 119.93905784773 120.1 120.1 119.890532705491 119.782555949212 120.1 119.31208981238 120.1 119.99946499913 120.120787545283 120.1 119.996288577958 120.1
30062003 119.85 119.85 119.85 119.830044616194 119.890000680506 119.85 119.803202397936 119.85 119.850099874542 119.85 119.85 119.512691806108 119.85 119.85 119.649071219513 119.616599168423 119.85 119.088977457521 119.85 119.728950950509 119.853946133762 119.85 119.772206505849 119.85
30052003 118.35 118.35 118.35 118.34012210613 118.35 118.35 118.462487237216 118.35 118.350098624548 118.35 118.35 117.995869846265 118.35 118.35 118.135245247601 118.086850008962 118.35 117.609475077994 118.35 118.226573275931 118.35 118.35 118.30913530433 118.35
30042003 119.6 119.6 119.6 119.58898595506 119.498113086341 119.6 119.751997931837 119.6 119.60009966621 119.59990033487 119.6 119.122973109168 119.6 119.6 119.299096773084 119.251230662301 119.6 118.910827523684 119.6 119.475269656116 119.599015690518 119.6 119.645359561941 119.6
30032003 120.15 120.15 120.15 120.129831460503 119.987231008928 120.15 120.268183049114 120.15 120.150200248164 120.15010012354 120.15 119.440288374544 120.15 120.15 119.8544897931 119.881953717595 120.15 119.487823656962 120.15 120.025683876264 120.150988844127 120.15 120.323822821221 120.15
30022003 117.75 117.75 117.75 117.709648479785 117.708623011626 117.75 117.86582233902 117.75 117.75009812455 117.749901876513 117.75 117.103820490854 117.75 117.75 117.500145715114 117.584782269373 117.75 117.132984023001 117.75 117.627199013442 117.748061744342 117.75 117.942831254276 117.75
30012003 118.95 118.95 118.95 118.920248345792 118.890504133038 118.95 119.066685328271 118.95 118.950198248183 118.95 118.95 118.597174179189 118.95 118.95 118.722140713534 118.849577672114 118.95 118.331719297807 118.95 118.827903537201 118.95 118.95 119.156368183589 118.95
30122002 119.9 119.9 119.9 119.860035944683 119.820085209847 119.9 120.013746646794 119.9 119.900199831502 119.9 119.9 119.370461855704 119.9 119.9 119.679477556785 119.731481811245 119.9 119.213382539423 119.9 119.776928407822 119.909864822299 119.9 120.016417491015 119.9
30112002 122.3 122.3 122.3 122.207516851341 122.279585703327 122.3 122.46727720694 122.3 122.300203831465 122.3 122.3 121.770159687376 122.3 122.3 122.092528926756 122.128108636491 122.3 121.585106009376 122.3 122.164413795189 122.341157044376 122.3 122.418747782745 122.3
30102002 122.45 122.45 122.45 122.377820489011 122.531832565545 122.45 122.597804788086 122.45 122.450204081463 122.449693886097 122.45 121.908637082198 122.45 122.45 122.294307233924 122.190952824012 122.45 121.838238656266 122.45 122.273099508083 122.45 122.45 122.598203042904 122.45
30092002 121.55 121.55 121.55 121.457263881396 121.674029951334 121.55 121.708742198978 121.55 121.550506446727 121.548582095084 121.55 121.383186633315 121.55 121.55 121.36917491102 121.223268906292 121.55 120.771696962595 121.55 121.374399715863 121.54900445966 121.55 121.592962855723 121.55
30082002 117.95 117.95 117.95 117.870485693352 117.910607161052 117.95 118.105942202717 117.95 117.951867379055 117.950196548118 117.95 117.838402686393 117.95 117.95 117.807692430825 117.615002047715 117.95 117.200986183712 117.95 117.780565214234 117.94903385006 117.95 117.970000006852 117.95
30072002 119.85 119.85 119.85 119.779423401655 119.85 119.85 119.933314341356 119.85 119.851697742722 119.85029957894 119.85 120.012363422457 119.85 119.85 119.739502798534 119.492153189677 119.85 119.118489156499 119.85 119.678816181492 119.851963354008 119.85 119.86708151774 119.85
30062002 119.45 119.45 119.45 119.359047092888 119.45 119.45 119.533036279307 119.45 119.45139349392 119.45 119.45 119.632250894242 119.45 119.45 119.331252595026 119.178518632586 119.45 118.695999231 119.45 119.277433534018 119.45 119.45 119.289618579716 119.45
30052002 124.4 124.4 124.4 124.28446595844 124.232665699964 124.4 124.560808170541 124.4 124.401451240214 124.399896348406 124.4 125.085481515696 124.4 124.4 124.231834406065 124.152786361917 124.4 123.688921633642 124.4 124.220282391225 124.4 124.4 124.189312450869 124.4
30042002 128 128 128 127.871247755844 127.76375871821 128 128.104499889193 128 128.001599890011 127.999360116778 128 129.227901482106 128 128 127.844374156638 127.94538081161 128 127.145245914566 128 127.815081560103 127.997903168993 128 127.691197808204 128
30032002 133.2 133.2 133.2 133.019540497983 132.861256660324 133.2 133.367277270533 133.2 133.202330775671 133.20122081637 133.2 134.509914612287 133.2 133.2 133.07571376466 133.161926530871 133.2 132.204501051916 133.2 133.00974814664 133.201091074406 133.2 132.736509503134 133.2
30022002 133.9 133.9 133.9 133.742586671787 133.764201762073 133.9 134.208389089747 133.9 133.901115782194 133.899888428428 133.9 135.16807520987 133.9 133.9 133.774520221661 133.957554297072 133.9 132.884044086758 133.9 133.707653091868 133.898903200704 133.9 133.311388570456 133.9
30012002 132.9 132.9 132.9 132.765890299942 132.743523267283 132.9 133.207305919904 132.9 132.901218188584 132.900996688953 132.9 134.425929915519 132.9 132.9 132.72691206239 133.052321500176 132.9 131.811948657597 132.9 132.710176641805 132.909794023995 132.9 132.241722117332 132.9
30122001 131.8 131.8 131.8 131.68879474819 131.599363260007 131.8 132.027350662912 131.8 131.800219664653 131.8 131.8 133.353098729852 131.8 131.8 131.600189434275 131.837716420511 131.8 130.71115531276 131.8 131.602049418812 131.829089588339 131.8 131.12740285001 131.8
30112001 123.95 123.95 123.95 123.867275332898 123.886518285759 123.95 124.159625442219 123.95 123.95020658144 123.949896710959 123.95 125.302144363645 123.95 123.95 123.73536028911 123.861254968577 123.95 122.935660252766 123.95 123.736529444292 123.990398330252 123.95 123.281207228541 123.95
30102001 121.82 121.82 121.82 121.738696902409 121.799849473208 121.82 122.030030943748 121.82 121.820304545813 121.819796974957 121.82 123.024142484204 121.82 121.82 121.556590714395 121.575833929379 121.82 120.779324999037 121.82 121.570574979158 121.877300709809 121.82 121.213085405468 121.82
30092001 119.3 119.3 119.3 119.230315997087 119.280307355527 119.3 119.450442705512 119.3 119.300497071942 119.29950295498 119.3 120.497609065178 119.3 119.3 119.032175505171 119.111517477709 119.3 118.424856686585 119.3 118.999760501312 119.355800408337 119.3 118.811244812353 119.3
30082001 118.95 118.95 118.95 118.901054520894 118.852129181847 118.95 119.160127061529 118.95 118.950991204571 118.949702659566 118.95 119.660171196691 118.95 118.95 118.682961243421 118.676154035301 118.95 118.076898799447 118.95 118.595170600878 118.961470036467 118.95 118.626563065244 118.95
30072001 124.8 124.8 124.8 124.748647366184 124.697315862921 124.8 125.046719767154 124.8 124.80135191945 124.79948008167 124.8 125.312005855158 124.8 124.8 124.465665488601 124.332632438998 124.8 123.926177926253 124.8 124.415722892904 124.820026644141 124.8 124.414033882991 124.8
30062001 124.05 124.05 124.05 123.999106755037 124.00922357534 124.05 124.353954037469 124.05 124.051860596506 124.049896644164 124.05 124.558928896894 124.05 124.05 123.680509679244 123.638781206733 124.05 123.219381187909 124.05 123.648190437149 124.073837443232 124.05 123.758072531778 124.05
30052001 119.2 119.2 119.2 119.160856379481 119.121725613182 119.2 119.543209365406 119.2 119.201887168998 119.199900686074 119.2 119.568907978864 119.2 119.2 118.878713454883 118.872638593616 119.2 118.420462419632 119.2 118.791073153127 119.256093594531 119.2 119.104078709174 119.2
30042001 123.45 123.45 123.45 123.409380705681 123.348526818314 123.45 123.805446276504 123.45 123.45205731142 123.441055878182 123.45 123.489539475654 123.45 123.45 123.161546632875 123.163568583255 123.45 122.652125073588 123.45 122.968626078039 123.499951898647 123.45 123.537124610253 123.45
30032001 124.6 124.6 124.6 124.589744264274 124.57948937269 124.6 124.972600697954 124.6 124.611104721778 124.585386295481 124.6 124.639907806128 124.6 124.6 124.252816286482 124.237465577418 124.6 123.840640696876 124.6 124.063941513903 124.617733713985 124.6 124.722738273079 124.6
30022001 116.4 116.4 116.4 116.409562696398 116.43827437745 116.4 116.692033901238 116.4 116.424028699593 116.399903240488 116.4 116.249691946366 116.4 116.4 116.068164352866 116.143662922595 116.4 115.743837587739 116.4 115.882726814489 116.493377777374 116.4 116.62922565868 116.4
30112000 111.17 111.17 111.17 111.088398829952 111.17 111.17 111.44864085995 111.17 111.192949059568 111.17 111.17 110.716274477243 111.17 111.17 110.856066732442 110.87928535453 111.17 110.302830449618 111.17 110.587253848767 111.17 111.17 111.642837638671 111.17
30102000 109.05 109.05 109.05 108.978741428388 109.067900820527 109.05 109.330996239828 109.05 109.072511423459 109.049818701584 109.05 108.733697945166 109.05 109.05 108.741504591004 108.796611396617 109.05 108.156318781821 109.05 108.478366755492 109.050853169559 109.05 109.556489256245 109.05
30092000 107.85 107.85 107.85 107.779317723104 107.85 107.85 108.147932919476 107.85 107.872443045604 107.858521207488 107.85 107.2796833638 107.85 107.85 107.55454371322 107.578666199552 107.85 107.006501946849 107.85 107.283817728495 107.848312378235 107.85 108.354929445972 107.85
30082000 106.4 106.4 106.4 106.356347914034 106.382502588697 106.4 106.678321225349 106.4 106.413733579498 106.411871550959 106.4 105.891401205741 106.4 106.4 106.092210036957 105.995384108464 106.4 105.615680140328 106.4 105.84308603994 106.403329630306 106.4 106.900878430908 106.4
30072000 109.5 109.5 109.5 109.437296778056 109.464077149013 109.5 109.763084215804 109.5 109.501916065586 109.5 109.5 108.904598970278 109.5 109.5 109.171835614059 109.072978775358 109.5 108.74990369422 109.5 108.923451565301 109.499143477325 109.5 110.018121717346 109.5
30062000 105.4 105.4 105.4 105.339821793356 105.365523998137 105.4 105.66473785698 105.4 105.401844322491 105.4 105.4 105.002971938958 105.4 105.4 105.135400795616 105.091455327415 105.4 104.69148491559 105.4 104.845859340992 105.378539141895 105.4 105.898831292182 105.4
30052000 106.65 106.65 106.65 106.580377947066 106.493490675949 106.65 106.848155368109 106.65 106.651866195386 106.650088856821 106.65 106.022715104223 106.65 106.65 106.386996014178 106.336022611486 106.65 105.940732637871 106.65 106.110893069605 106.629069593529 106.65 107.17453086422 106.65
30042000 106.55 106.55 106.55 106.506372289224 106.393330874303 106.55 106.711749320981 106.55 106.551775670569 106.549911226569 106.55 106.134078897172 106.55 106.55 106.228392028887 106.215243253651 106.55 105.842209761488 106.55 106.032207724079 106.535752039157 106.55 106.990852530332 106.55
30032000 105.85 105.85 105.85 105.7979160038 105.711302413709 105.85 106.056598666108 105.85 105.851852196733 105.848765436211 105.85 105.131025643379 105.85 105.85 105.576026911069 105.578956566853 105.85 105.21123950437 105.85 105.349696911781 105.839994800201 105.85 106.333625346757 105.85
30022000 110.18 110.18 110.18 110.098887356004 110.107719921052 110.18 110.417028400598 110.18 110.183213067936 110.181285081009 110.18 109.583643726112 110.18 110.18 109.937403206612 109.961632782535 110.18 109.45883917227 110.18 109.66959727891 110.155655041784 110.18 110.676884288234 110.18
30012000 106.85 106.85 106.85 106.754242094927 106.762688385022 106.85 107.056562155587 106.85 106.851869695049 106.849732935423 106.85 106.412927557365 106.85 106.85 106.614174673185 106.62632933405 106.85 106.159491195475 106.85 106.378528318012 106.837325779264 106.85 107.285538561701 106.85
30121999 102.2 102.2 102.2 102.100427555898 102.116733042781 102.2 102.464676100712 102.2 102.202043775194 102.199659422451 102.2 101.732257412665 102.2 102.2 101.979176683994 101.986063246981 102.2 101.581502255947 102.2 101.761116864374 102.209700537323 102.2 102.560063220088 102.2
30111999 102.5 102.5 102.5 102.441932233365 102.516661520489 102.5 102.780664460511 102.5 102.502391359791 102.500256182432 102.5 102.361749706865 102.5 102.5 102.283932093089 102.296243504782 102.5 101.901998628644 102.5 102.050142244467 102.482157403968 102.5 102.775723497293 102.5
30101999 104.85 104.85 104.85 104.83295093692 104.918424400559 104.85 105.092854075542 104.85 104.852184124747 104.849301204979 104.85 104.60705116763 104.85 104.85 104.623701120409 104.546463857158 104.85 104.216282984341 104.85 104.408003162491 104.851660976948 104.85 105.058520258066 104.85
30091999 106.85 106.85 106.85 106.876207372051 106.884927442892 106.85 107.150385777779 106.85 106.852937930664 106.850267041216 106.85 106.388295985173 106.85 106.85 106.650656187738 106.570481345427 106.85 106.1669359543 106.85 106.397886633049 106.83729805661 106.85 107.067722441133 106.85
30081999 110.82 110.82 110.82 110.810932224163 110.729533040956 110.82 111.156930201407 110.82 110.822770119129 110.82 110.82 110.810571157925 110.82 110.82 110.623949148608 110.551629092467 110.82 110.059023419476 110.82 110.364208110419 110.812966042188 110.82 111.145186921257 110.82
30071999 115.2 115.2 115.2 115.171861927674 115.087653286798 115.2 115.57283819032 115.2 115.202879604076 115.2 115.2 115.219417155017 115.2 115.2 115.013513122903 114.932642630175 115.2 114.425281760082 115.2 114.733475949735 115.178948280018 115.2 115.456676894516 115.2
30061999 121.1 121.1 121.1 121.060697081647 120.96269567369 121.1 121.47817808018 121.1 121.103027083799 121.1 121.1 121.131461925487 121.1 121.1 120.891710831699 120.830179940967 121.1 120.268628504928 121.1 120.631627089821 121.098073205458 121.1 121.272069323689 121.1
30051999 121.42 121.42 121.42 121.409855805815 121.262017465338 121.42 121.786764473942 121.42 121.423035082699 121.41989884756 121.42 121.595658335719 121.42 121.42 121.19255426192 121.151240423992 121.42 120.552034419574 121.42 120.952313885255 121.42 121.42 121.620909244619 121.42
30041999 119.33 119.33 119.33 119.290900849498 119.213760903074 119.33 119.695572798704 119.33 119.333082253754 119.329005945334 119.33 119.390207568097 119.33 119.33 119.160158241939 119.160883439825 119.33 118.466375053722 119.33 118.870364156872 119.336643866097 119.33 119.486954437026 119.33
30031999 120.4 120.4 120.4 120.389882004259 120.418416263857 120.4 120.709440336565 120.4 120.404112893843 120.386470438574 120.4 120.882791726069 120.4 120.4 120.240250537717 120.265742244796 120.4 119.389818073658 120.4 119.929565478198 120.395212514175 120.4 120.586785155352 120.4
30021999 119.4 119.4 119.4 119.419110776507 119.478361502268 119.4 119.706870234102 119.4 119.417497889517 119.395134354862 119.4 120.141393138234 119.4 119.4 119.234961835298 119.26669807972 119.4 118.393974805765 119.4 118.938202101773 119.387645701839 119.4 119.569454038199 119.4
