30122014	7.7366	7.7366	NaN	7.735295455	7.734611731	NaN	7.757623182	7.7366	NaN	NaN	NaN	NaN	NaN	NaN	7.728215921	7.746095715	NaN	NaN	NaN	7.735826842	7.73640679	NaN	7.76219579	7.7366
30112014	7.4229	7.4229	7.4229	7.422185469	7.423495982	7.4229	7.452217772	7.4229	NaN	NaN	NaN	NaN	NaN	7.4229	7.412597334	7.420626175	NaN	7.389404282	7.4229	7.422343554	7.4229	7.4229	7.447457944	7.4229
30102014	7.3989	7.3989	7.3989	7.396528023	7.403545199	7.3989	7.4316532	7.3989	7.400562696	7.398654087	NaN	7.423251366	7.3989	7.3989	7.388659074	7.389838233	7.3989	7.361467583	7.3989	7.398345353	7.3989	7.3989	7.425002276	7.3989
30092014	7.2689	7.2689	7.2689	7.267965273	7.27147584	7.2689	7.295942592	7.2689	7.270775136	7.26896039	7.2689	7.292823508	7.2689	7.2689	7.258829716	7.253270147	7.2689	7.23066509	7.2689	7.268355098	7.2689	7.2689	7.29366969	7.2689
30082014	6.9501	6.9501	6.9501	6.950323451	6.958513182	6.9501	6.97995008	6.9501	6.95183514	6.949695943	6.9501	6.979654304	6.9501	6.9501	6.938333365	6.928740775	6.9501	6.912611063	6.9501	6.949578996	6.9501	6.9501	6.978466007	6.9501
30072014	6.896	6.896	6.896	6.897271932	6.894785575	6.896	6.920420685	6.896	6.898122669	6.893486752	6.896	6.89902364	6.896	6.896	6.884324957	6.870528994	6.896	6.85904163	6.896	6.895483052	6.896057412	6.896	6.920085822	6.896
30062014	6.7186	6.7186	6.7186	6.71773795	6.718060921	6.7186	6.741291442	6.7186	6.723118305	6.7186	6.7186	6.727545203	6.7186	6.7186	6.706681169	6.695827829	6.7186	6.683169751	6.7186	6.71804042	6.718544065	6.7186	6.741617257	6.7186
30052014	6.6747	6.6747	6.6747	6.674432061	6.672879281	6.6747	6.695616423	6.6747	6.679188782	6.674865553	6.6747	6.67297905	6.6747	6.6747	6.663857821	6.658224051	6.6747	6.641215831	6.6747	6.674199641	6.6747	6.6747	6.693685332	6.6747
30042014	6.5504	6.5504	6.5504	6.546926734	6.542093475	6.5504	6.561624344	6.5504	6.554642614	6.550345839	6.5504	6.569543639	6.5504	6.5504	6.541777204	6.540289728	6.5504	6.518506159	6.5504	6.549908959	6.55034546	6.5504	6.570922781	6.5504
30032014	6.4899	6.4899	6.4899	6.488698219	6.485932617	6.4899	6.504331471	6.4899	6.494157125	6.489846344	6.4899	6.482154698	6.4899	6.4899	6.483843101	6.485876499	6.4899	6.456968654	6.4899	6.489467527	6.489845958	6.4899	6.505070593	6.4899
30022014	6.4088	6.4088	6.4088	6.407763564	6.401463052	6.4088	6.418596823	6.4088	6.413056947	6.40874702	6.4088	6.403854267	6.4088	6.4088	6.40027648	6.406807523	6.4088	6.380532112	6.4088	6.408426295	6.4088	6.4088	6.423876518	6.4088
30012014	6.5485	6.5485	6.5485	6.549234084	6.552069755	6.5485	6.560471301	6.5485	6.552903912	6.547742716	6.5485	6.565132047	6.5485	6.5485	6.540275669	6.55054035	6.5485	6.516372511	6.5485	6.548118149	6.548609055	6.5485	6.568322076	6.5485
30122013	6.4238	6.4238	6.4238	6.424470373	6.422666991	6.4238	6.43040847	6.4238	6.428863499	6.423217037	6.4238	6.416499522	6.4238	6.4238	6.417253499	6.422798082	6.4238	6.392284299	6.4238	6.42331845	6.423746514	6.4238	6.440849084	6.4238
30112013	6.5443	6.5443	6.5443	6.543932854	6.545560094	6.5443	6.55716972	6.5443	6.550052902	6.544246039	6.5443	6.580826661	6.5443	6.5443	6.53918603	6.539198019	6.5443	6.508521919	6.5443	6.543863902	6.54435449	6.5443	6.561893042	6.5443
30102013	6.455	6.455	6.455	6.455413318	6.456343704	6.455	6.461881293	6.455	6.460727673	6.455053225	6.455	6.465778451	6.455	6.455	6.4484525	6.447968932	6.455	6.421756912	6.455	6.454516111	6.454946254	6.455	6.471848683	6.455
30092013	6.4106	6.4106	6.4106	6.411077551	6.412128699	6.4106	6.423409158	6.4106	6.41623537	6.410652864	6.4106	6.454727222	6.4106	6.4106	6.402517561	6.402548131	6.4106	6.375556207	6.4106	6.410172812	6.4106	6.4106	6.424654001	6.4106
30082013	6.6115	6.6115	6.6115	6.612091607	6.616935515	6.6115	6.64285151	6.6115	6.617257407	6.61144548	6.6115	6.640887506	6.6115	6.6115	6.600810095	6.595743728	6.6115	6.574542409	6.6115	6.611059424	6.611555049	6.6115	6.619000399	6.6115
30072013	6.5633	6.5633	6.5633	6.562519119	6.561153376	6.5633	6.593581693	6.5633	6.569069604	6.563083564	6.5633	6.590795999	6.5633	6.5633	6.553618345	6.544878863	6.5633	6.527289506	6.5633	6.562807992	6.5633	6.5633	6.574488284	6.5633
30062013	6.7105	6.7105	6.7105	6.709255161	6.712995928	6.7105	6.732816866	6.7105	6.716620495	6.710555315	6.7105	6.755075863	6.7105	6.7105	6.702953639	6.697310605	6.7105	6.673230561	6.7105	6.709996958	6.710611731	6.7105	6.719776771	6.7105
30052013	6.5991	6.5991	6.5991	6.59655295	6.59713785	6.5991	6.612855608	6.5991	6.605064443	6.599045603	6.5991	6.608291159	6.5991	6.5991	6.59306722	6.592619839	6.5991	6.561535422	6.5991	6.598495443	6.599319688	6.5991	6.609306884	6.5991
30042013	6.5346	6.5346	6.5346	6.532077845	6.532657029	6.5346	6.544752384	6.5346	6.540560061	6.5346	6.5346	6.531762934	6.5346	6.5346	6.528626184	6.528183176	6.5346	6.498867232	6.5346	6.533783838	6.534545624	6.5346	6.553231786	6.5346
30032013	6.525	6.525	6.525	6.524076436	6.524416342	6.525	6.535190595	6.525	6.530951305	6.525053786	6.525	6.529005718	6.525	6.525	6.514387283	6.51674221	6.525	6.489108733	6.525	6.524239327	6.525054296	6.525	6.537744719	6.525
30022013	6.4342	6.4342	6.4342	6.43448921	6.430065183	6.4342	6.443584831	6.4342	6.440015402	6.434093931	6.4342	6.466007859	6.4342	6.4342	6.425956149	6.428731055	6.4342	6.395508594	6.4342	6.433396378	6.43414646	6.4342	6.445221895	6.4342
30012013	6.3708	6.3708	6.3708	6.370516178	6.371367985	6.3708	6.380948889	6.3708	6.37666322	6.369855781	6.3708	6.369157405	6.3708	6.3708	6.361699936	6.369896789	6.3708	6.330359478	6.3708	6.370057303	6.370906022	6.3708	6.382306694	6.3708
30122012	6.5045	6.5045	6.5045	6.504210222	6.505079905	6.5045	6.514288472	6.5045	6.511451333	6.504125543	6.5045	6.506754205	6.5045	6.5045	6.494765587	6.502659711	6.5045	6.466552788	6.5045	6.503633484	6.5045	6.5045	6.517951406	6.5045
30112012	6.6706	6.6706	6.6706	6.672685263	6.667434169	6.6706	6.678591018	6.6706	6.678113295	6.670490327	6.6706	6.680828653	6.6706	6.6706	6.658747452	6.664954114	6.6706	6.631517774	6.6706	6.669711357	6.6706	6.6706	6.680583704	6.6706
30102012	6.6189	6.6189	6.6189	6.621362411	6.618998264	6.6189	6.634046085	6.6189	6.626464011	6.618356224	6.6189	6.640991414	6.6189	6.6189	6.60809789	6.609557814	6.6189	6.582497391	6.6189	6.618018244	6.618789851	6.6189	6.63377297	6.6189
30092012	6.535	6.535	6.535	6.539058584	6.533734612	6.535	6.553728915	6.535	6.543005672	6.533767238	6.535	6.516769576	6.535	6.535	6.525697284	6.522013335	6.535	6.501596207	6.535	6.534238161	6.534945615	6.535	6.550267136	6.535
30082012	6.6103	6.6103	6.6103	6.613962531	6.615145362	6.6103	6.631365095	6.6103	6.619646647	6.610191692	6.6103	6.603131872	6.6103	6.6103	6.602738773	6.598980896	6.6103	6.567432473	6.6103	6.609584388	6.61046502	6.6103	6.633902973	6.6103
30072012	6.8048	6.8048	6.8048	6.810545564	6.803587131	6.8048	6.833840094	6.8048	6.814533315	6.8046328	6.8048	6.797420958	6.8048	6.8048	6.795561742	6.786336026	6.8048	6.754385775	6.8048	6.803893479	6.8048	6.8048	6.830434458	6.8048
30062012	6.9681	6.9681	6.9681	6.974073162	6.972033333	6.9681	7.003921315	6.9681	6.978238355	6.968328301	6.9681	6.9681	6.9681	6.9681	6.958155274	6.949225278	6.9681	6.915563334	6.9681	6.967171724	6.9681	6.9681	6.994974785	6.9681
30052012	7.2363	7.2363	7.2363	7.244072021	7.244263003	7.2363	7.279643264	7.2363	7.246591151	7.23624072	7.2363	7.251144436	7.2363	7.2363	7.222853881	7.216715549	7.2363	7.180392741	7.2363	7.235335995	7.236179577	7.2363	7.266672706	7.2363
30042012	6.7493	6.7493	6.7493	6.757735109	6.754222508	6.7493	6.799413239	6.7493	6.75895393	6.749134163	6.7493	6.771214188	6.7493	6.7493	6.734278595	6.736796718	6.7493	6.698530554	6.7493	6.748513178	6.749243832	6.7493	6.769723708	6.7493
30032012	6.6229	6.6229	6.6229	6.633359487	6.632413155	6.6229	6.673315834	6.6229	6.6325361	6.621978817	6.6229	6.654066793	6.6229	6.6229	6.607073593	6.617207766	6.6229	6.570866591	6.6229	6.622183024	6.62273462	6.6229	6.645857666	6.6229
30022012	6.5527	6.5527	6.5527	6.562767436	6.555158302	6.5527	6.598849877	6.5527	6.563146834	6.551950551	6.5527	6.546057547	6.5527	6.5527	6.536973011	6.548931911	6.5527	6.499775192	6.5527	6.552154237	6.552590887	6.5527	6.570375704	6.5527
30012012	6.7522	6.7522	6.7522	6.764935705	6.764812859	6.7522	6.786649888	6.7522	6.763738479	6.751263682	6.7522	6.73895922	6.7522	6.7522	6.735423112	6.7522	6.7522	6.700860604	6.7522	6.751750048	6.752143774	6.7522	6.768779423	6.7522
30122011	6.8877	6.8877	6.8877	6.903612623	6.895621125	6.8877	6.922973794	6.8877	6.9004269	6.887587732	6.8877	6.895400833	6.8877	6.8877	6.868575526	6.886708322	6.8877	6.834107492	6.8877	6.88729837	6.887757355	6.8877	6.908884445	6.8877
30112011	6.8162	6.8162	6.8162	6.832457611	6.82334093	6.8162	6.857077846	6.8162	6.828906094	6.816255549	6.8162	6.783013252	6.8162	6.8162	6.796785129	6.809321381	6.8162	6.762709374	6.8162	6.815745783	6.816143241	6.8162	6.838376887	6.8162
30102011	6.4345	6.4345	6.4345	6.449847202	6.441241046	6.4345	6.467022811	6.4345	6.44644203	6.434447562	6.4345	6.398783881	6.4345	6.4345	6.414312803	6.417779445	6.4345	6.383153494	6.4345	6.434124796	6.434553581	6.4345	6.451616676	6.4345
30092011	6.8563	6.8563	6.8563	6.875272039	6.868107915	6.8563	6.890954973	6.8563	6.869080844	6.85657944	6.8563	6.829028505	6.8563	6.8563	6.835210481	6.829641512	6.8563	6.80055098	6.8563	6.855843111	6.85641417	6.8563	6.875164895	6.8563
30082011	6.3419	6.3419	6.3419	6.359354743	6.359016464	6.3419	6.359165345	6.3419	6.353463004	6.341848296	6.3419	6.311718781	6.3419	6.3419	6.322860877	6.3151259	6.3419	6.300443009	6.3419	6.341371794	6.341741589	6.3419	6.360990203	6.3419
30072011	6.3597	6.3597	6.3597	6.375812303	6.371811096	6.3597	6.388026787	6.3597	6.371347403	6.36042639	6.3597	6.318896939	6.3597	6.3597	6.341064337	6.32813594	6.3597	6.328718257	6.3597	6.359329158	6.359805911	6.3597	6.377392032	6.3597
30062011	6.3474	6.3474	6.3474	6.364820332	6.369437517	6.3474	6.367077707	6.3474	6.358298646	6.3474	6.3474	6.306675854	6.3474	6.3474	6.328816718	6.313109344	6.3474	6.321534498	6.3474	6.346924177	6.3474	6.3474	6.365076257	6.3474
30052011	6.1823	6.1823	6.1823	6.199250254	6.205325556	6.1823	6.2026218	6.1823	6.192915165	6.182855488	6.1823	6.130630131	6.1823	6.1823	6.165964954	6.153341234	6.1823	6.15777426	6.1823	6.181836553	6.18235147	6.1823	6.207196337	6.1823
30042011	5.9987	5.9987	5.9987	6.013069565	6.019934463	5.9987	6.024780906	5.9987	6.008460051	5.9987	5.9987	5.935935477	5.9987	5.9987	5.985430701	5.976649949	5.9987	5.976053505	5.9987	5.998200379	5.99889972	5.9987	6.027581934	5.9987
30032011	6.2877	6.2877	6.2877	6.300508262	6.311675517	6.2877	6.295496569	6.2877	6.297930262	6.288831798	6.2877	6.211893196	6.2877	6.2877	6.276962992	6.273748834	6.2877	6.266511818	6.2877	6.286966991	6.287804639	6.2877	6.317594115	6.2877
30022011	6.321	6.321	6.321	6.333876095	6.345102493	6.321	6.34570101	6.321	6.330145004	6.322192148	6.321	6.267460248	6.321	6.321	6.312532304	6.309742549	6.321	6.298623755	6.321	6.32015793	6.321052588	6.321	6.347547321	6.321
30012011	6.476	6.476	6.476	6.488457401	6.496317834	6.476	6.501432517	6.476	6.484146335	6.476744778	6.476	6.421147377	6.476	6.476	6.468253456	6.470215261	6.476	6.458120381	6.476	6.47508341	6.476053873	6.476	6.507304516	6.476
30122010	6.7097	6.7097	6.7097	6.719926831	6.723090098	6.7097	6.735959994	6.7097	6.717367776	6.710417488	6.7097	6.640694291	6.7097	6.7097	6.703679574	6.70670125	6.7097	6.691600476	6.7097	6.708694525	6.709755811	6.7097	6.739461728	6.7097
30112010	7.0561	7.0561	7.0561	7.066854809	7.070181385	7.0561	7.089228614	7.0561	7.063408327	7.057029995	7.0561	7.004836554	7.0561	7.0561	7.049238323	7.051893677	7.0561	7.037385178	7.0561	7.054983932	7.0561	7.0561	7.0869601	7.0561
30102010	6.7554	6.7554	6.7554	6.763337339	6.763936552	6.7554	6.763531677	6.7554	6.761505712	6.756626582	6.7554	6.706539762	6.7554	6.7554	6.748824835	6.750359777	6.7554	6.739036863	6.7554	6.754331494	6.7554	6.7554	6.785007146	6.7554
30092010	6.6985	6.6985	6.6985	6.703394274	6.700263514	6.6985	6.714248973	6.6985	6.703337155	6.69977438	6.6985	6.642833713	6.6985	6.6985	6.691974354	6.690487407	6.6985	6.683097304	6.6985	6.697440494	6.6985	6.6985	6.732677576	6.6985
30082010	7.4046	7.4046	7.4046	7.410010187	7.406549409	7.4046	7.43758834	7.4046	7.408537583	7.404783968	7.4046	7.319451133	7.4046	7.4046	7.397040108	7.397174376	7.4046	7.392627338	7.4046	7.40342881	7.404538409	7.4046	7.450718288	7.4046
30072010	7.2408	7.2408	7.2408	7.246412628	7.245950494	7.2408	7.25305944	7.2408	7.244470489	7.242181116	7.2408	7.167507426	7.2408	7.2408	7.234498588	7.229619902	7.2408	7.229770146	7.2408	7.239714938	7.2408	7.2408	7.288566569	7.2408
30062010	7.7629	7.7629	7.7629	7.770371941	7.771074031	7.7629	7.76350668	7.7629	7.765353981	7.762964449	7.7629	7.683167186	7.7629	7.7629	7.749985609	7.751858973	7.7629	7.751848821	7.7629	7.761736699	7.763029137	7.7629	7.812795807	7.7629
30052010	7.8191	7.8191	7.8191	7.826626035	7.827333207	7.8191	7.819711072	7.8191	7.82150681	7.819164922	7.8191	7.775038317	7.8191	7.8191	7.804712851	7.808087614	7.8191	7.808463019	7.8191	7.817798226	7.8191	7.8191	7.852027104	7.8191
30042010	7.2262	7.2262	7.2262	7.233226203	7.234049595	7.2262	7.248050615	7.2262	7.228364291	7.226260006	7.2262	7.198379534	7.2262	7.2262	7.212439583	7.216984455	7.2262	7.217526403	7.2262	7.224996936	7.225959563	7.2262	7.249560948	7.2262
30032010	7.2064	7.2064	7.2064	7.213650241	7.215035089	7.2064	7.206647215	7.2064	7.208498502	7.2064	7.2064	7.221066188	7.2064	7.2064	7.193668963	7.20141309	7.2064	7.193736965	7.2064	7.205439978	7.206220103	7.2064	7.216307696	7.2064
30022010	7.1673	7.1673	7.1673	7.171112108	7.171218182	7.1673	7.17167525	7.1673	7.169387117	7.1673	7.1673	7.165240251	7.1673	7.1673	7.151830539	7.159852422	7.1673	7.155866157	7.1673	7.166524089	7.167180689	7.1673	7.172841643	7.1673
30012010	7.3312	7.3312	7.3312	7.336677724	7.337350635	7.3312	7.31472714	7.3312	7.333334844	7.3312	7.3312	7.364370887	7.3312	7.3312	7.314812329	7.329762846	7.3312	7.310624341	7.3312	7.330528373	7.331261023	7.3312	7.318797462	7.3312
30122009	7.1165	7.1165	7.1165	7.112481991	7.122706199	7.1165	7.11979745	7.1165	7.118572324	7.1165	7.1165	7.192701684	7.1165	7.1165	7.105702732	7.102944004	7.1165	7.086863933	7.1165	7.115788812	7.1165	7.1165	7.085668513	7.1165
30112009	6.9582	6.9582	6.9582	6.954271368	6.964268148	6.9582	6.956968842	6.9582	6.960226227	6.9582	6.9582	7.046089969	6.9582	6.9582	6.95929913	6.94239501	6.9582	6.927582916	6.9582	6.957504632	6.9582	6.9582	6.915625011	6.9582
30102009	7.0166	7.0166	7.0166	7.007452234	7.022622987	7.0166	7.014687737	7.0166	7.018643233	7.016541735	7.0166	7.151953266	7.0166	7.0166	7.024168572	6.998828445	7.0166	6.97878772	7.0166	7.015898796	7.016775181	7.0166	6.979982898	7.0166
30092009	6.9876	6.9876	6.9876	6.982660299	6.993287567	6.9876	6.980313984	6.9876	6.989692829	6.987367966	6.9876	7.122378872	6.9876	6.9876	6.996286454	6.967754577	6.9876	6.944054471	6.9876	6.986727259	6.98765814	6.9876	6.921774267	6.9876
30082009	7.1602	7.1602	7.1602	7.155138284	7.166028055	7.1602	7.152784482	7.1602	7.162582369	7.160081152	7.1602	7.285082521	7.1602	7.1602	7.172846645	7.136740907	7.1602	7.114038883	7.1602	7.159246133	7.1602	7.1602	7.077261484	7.1602
30072009	7.3107	7.3107	7.3107	7.306843355	7.315491439	7.3107	7.320647259	7.3107	7.313253833	7.309306371	7.3107	7.438207422	7.3107	7.3107	7.319467292	7.279479852	7.3107	7.258552578	7.3107	7.309726084	7.311004056	7.3107	7.222033409	7.3107
30062009	7.65	7.65	7.65	7.645964363	7.655013816	7.65	7.669053155	7.65	7.654131456	7.65	7.65	7.807369337	7.65	7.65	7.658217643	7.64135999	7.65	7.595009936	7.65	7.648662771	7.649809125	7.65	7.558770216	7.65
30052009	7.5669	7.5669	7.5669	7.566427497	7.540633021	7.5669	7.578836542	7.5669	7.570986577	7.565335847	7.5669	7.711653496	7.5669	7.5669	7.571561941	7.586522927	7.5669	7.515773415	7.5669	7.56576607	7.566711141	7.5669	7.482820879	7.5669
30042009	8.0539	8.0539	8.0539	8.05535033	8.026023969	8.0539	8.070650998	8.0539	8.059915651	8.052172963	8.0539	8.194018004	8.0539	8.0539	8.056483451	8.091779072	8.0539	7.993528856	8.0539	8.05289408	8.054101018	8.0539	7.962623708	8.0539
30032009	8.2206	8.2206	8.2206	8.226689325	8.202305154	8.2206	8.259969817	8.2206	8.228504641	8.218166787	8.2206	8.350565865	8.2206	8.2206	8.219022058	8.264523157	8.2206	8.156993979	8.2206	8.219368111	8.220873478	8.2206	8.134809339	8.2206
30022009	9.0576	9.0576	9.0576	9.067182355	9.039486951	9.0576	9.099831657	9.0576	9.068993799	9.053374895	9.0576	9.192445624	9.0576	9.0576	9.0576	9.119335816	9.0576	8.982856066	9.0576	9.055941416	9.057072631	9.0576	8.978115726	9.0576
30012009	8.2779	8.2779	8.2779	8.284128187	8.263783774	8.2779	8.331594778	8.2779	8.292181053	8.275202909	8.2779	8.401137788	8.2779	8.2779	8.277334821	8.333456193	8.2779	8.212826722	8.2779	8.276866102	8.277968876	8.2779	8.221966938	8.2779
30122008	7.8106	7.8106	7.8106	7.826492136	7.820954461	7.8106	7.841142978	7.8106	7.826624923	7.801023691	7.8106	7.878374923	7.8106	7.8106	7.803709711	7.835715226	7.8106	7.762912363	7.8106	7.809559488	7.812093069	7.8106	7.773850766	7.8106
30112008	8.0975	8.0975	8.0975	8.123912038	8.124773451	8.0975	8.133504193	8.0975	8.124074201	8.091752501	8.0975	8.167764441	8.0975	8.0975	8.072956952	8.086736286	8.0975	8.04967685	8.0975	8.094873857	8.101388302	8.0975	8.069574282	8.0975
30102008	7.7651	7.7651	7.7651	7.792840956	7.794814159	7.7651	7.816020274	7.7651	7.79611692	7.764052249	7.7651	7.779769852	7.7651	7.7651	7.733871212	7.7332089	7.7651	7.726144806	7.7651	7.75885597	7.770462933	7.7651	7.735627946	7.7651
30092008	6.8477	6.8477	6.8477	6.872163529	6.873903609	6.8477	6.917526199	6.8477	6.875980238	6.849767857	6.8477	6.855060845	6.8477	6.8477	6.817833726	6.808563947	6.8477	6.817702802	6.8477	6.837471394	6.848764034	6.8477	6.839134529	6.8477
30082008	6.4052	6.4052	6.4052	6.427975332	6.433940296	6.4052	6.478975551	6.4052	6.42971113	6.40535298	6.4052	6.403372291	6.4052	6.4052	6.376498097	6.361838262	6.4052	6.372729265	6.4052	6.394638734	6.405252328	6.4052	6.404260469	6.4052
30072008	6.063	6.063	6.063	6.084558552	6.090204835	6.063	6.12384589	6.063	6.086056256	6.063773046	6.063	6.069100986	6.063	6.063	6.038200826	6.021757769	6.063	6.033126339	6.063	6.052953523	6.062950468	6.063	6.064643925	6.063
30062008	6.0075	6.0075	6.0075	6.028699223	6.028121017	6.0075	6.080762623	6.0075	6.029576417	6.007691667	6.0075	6.008363954	6.0075	6.0075	5.987230395	5.977683957	6.0075	5.976842962	6.0075	5.997594485	6.007401829	6.0075	6.007172513	6.0075
30052008	6.015	6.015	6.015	6.031836187	6.034680115	6.015	6.098258635	6.015	6.036911374	6.01461628	6.015	6.01240788	6.015	6.015	5.99537271	5.986550737	6.015	5.983421855	6.015	6.005180251	6.016472569	6.015	6.016029445	6.015
30042008	6.0216	6.0216	6.0216	6.03831864	6.041318231	6.0216	6.103122652	6.0216	6.043920981	6.021408037	6.0216	6.015161764	6.0216	6.0216	6.002241513	5.997896667	6.0216	5.987676556	6.0216	6.010298058	6.023216637	6.0216	6.029366881	6.0216
30032008	5.943	5.943	5.943	5.958074246	5.962915536	5.943	6.024726276	5.943	5.965219791	5.943900652	5.943	5.931508028	5.943	5.943	5.923720102	5.925135613	5.943	5.910150272	5.943	5.93025347	5.944782871	5.943	5.954230112	5.943
30022008	6.1942	6.1942	6.1942	6.210402609	6.210461949	6.1942	6.278304273	6.1942	6.216416894	6.194843253	6.1942	6.180817963	6.1942	6.1942	6.172306828	6.180653173	6.1942	6.165039517	6.1942	6.179061009	6.198991525	6.1942	6.205904789	6.1942
30012008	6.3702	6.3702	6.3702	6.388236626	6.393292291	6.3702	6.460555093	6.3702	6.392384324	6.369894599	6.3702	6.365648854	6.3702	6.3702	6.34892772	6.36146767	6.3702	6.340082321	6.3702	6.349719028	6.371730159	6.3702	6.378374569	6.3702
30122007	6.4136	6.4136	6.4136	6.430767948	6.436603214	6.4136	6.515483833	6.4136	6.436244032	6.4141126	6.4136	6.39594672	6.4136	6.4136	6.390836699	6.402168236	6.4136	6.381452624	6.4136	6.391444229	6.414880411	6.4136	6.424859114	6.4136
30112007	6.3488	6.3488	6.3488	6.363045819	6.363570168	6.3488	6.444858328	6.3488	6.370706075	6.350019868	6.3488	6.337182336	6.3488	6.3488	6.330634114	6.337408767	6.3488	6.316438401	6.3488	6.325605237	6.350165481	6.3488	6.358168586	6.3488
30102007	6.3813	6.3813	6.3813	6.392822159	6.395840133	6.3813	6.462020563	6.3813	6.402088107	6.381606948	6.3813	6.370556314	6.3813	6.3813	6.366624819	6.365392856	6.3813	6.346817109	6.3813	6.356619339	6.382212984	6.3813	6.390239781	6.3813
30092007	6.4988	6.4988	6.4988	6.508308795	6.509994258	6.4988	6.574331623	6.4988	6.519657279	6.500209057	6.4988	6.477482733	6.4988	6.4988	6.488388927	6.476169489	6.4988	6.46387531	6.4988	6.472738823	6.499212714	6.4988	6.507904391	6.4988
30082007	6.8341	6.8341	6.8341	6.844672184	6.851910971	6.8341	6.896844443	6.8341	6.854547204	6.8341	6.8341	6.80005455	6.8341	6.8341	6.820779419	6.800748985	6.8341	6.800207706	6.8341	6.80626198	6.835400124	6.8341	6.841753728	6.8341
30072007	6.7046	6.7046	6.7046	6.71497185	6.722073469	6.7046	6.770057558	6.7046	6.724659748	6.705139324	6.7046	6.676053139	6.7046	6.7046	6.689641834	6.669038833	6.7046	6.671351822	6.7046	6.676019434	6.704546918	6.7046	6.712108696	6.7046
30062007	6.8512	6.8512	6.8512	6.86059384	6.863311562	6.8512	6.934972774	6.8512	6.871145645	6.85202769	6.8512	6.827688289	6.8512	6.8512	6.835889144	6.814800295	6.8512	6.816591637	6.8512	6.822048515	6.8512	6.8512	6.860466702	6.8512
30052007	6.9089	6.9089	6.9089	6.919894512	6.923832044	6.9089	6.991142206	6.9089	6.928176636	6.9089	6.9089	6.883942285	6.9089	6.9089	6.894338849	6.881767052	6.9089	6.872897441	6.9089	6.879503005	6.9089	6.9089	6.919667234	6.9089
30042007	6.7272	6.7272	6.7272	6.73785662	6.736166658	6.7272	6.810629389	6.7272	6.745969672	6.7272	6.7272	6.688053819	6.7272	6.7272	6.711492898	6.71302834	6.7272	6.694296405	6.7272	6.698576128	6.727253261	6.7272	6.739953531	6.7272
30032007	7.0177	7.0177	7.0177	7.029162314	7.02614846	7.0177	7.111632566	7.0177	7.0372802	7.018435753	7.0177	6.984293221	7.0177	7.0177	7.003693946	7.019677653	7.0177	6.986101226	7.0177	6.987784742	7.0177	7.0177	7.037440997	7.0177
30022007	7.0216	7.0216	7.0216	7.032853602	7.025032708	7.0216	7.110080103	7.0216	7.040452943	7.022280355	7.0216	7.001297563	7.0216	7.0216	7.010042264	7.028554558	7.0216	6.990485082	7.0216	6.991668117	7.021544408	7.0216	7.036535706	7.0216
30012007	6.9878	6.9878	6.9878	6.997214263	6.994930701	6.9878	7.072842416	6.9878	7.005883358	6.988477868	6.9878	6.946405275	6.9878	6.9878	6.973225099	6.993749608	6.9878	6.957946991	6.9878	6.958067289	6.987744671	6.9878	7.005137072	6.9878
30122006	6.8644	6.8644	6.8644	6.873648014	6.871404778	6.8644	6.953484406	6.8644	6.881496462	6.865177867	6.8644	6.839366309	6.8644	6.8644	6.853549989	6.870254511	6.8644	6.836016859	6.8644	6.835246471	6.864454353	6.8644	6.885607599	6.8644
30112006	6.8683	6.8683	6.8683	6.875709697	6.875317736	6.8683	6.946949879	6.8683	6.884626017	6.869413737	6.8683	6.85989569	6.8683	6.8683	6.860931269	6.866345168	6.8683	6.841330124	6.8683	6.839075755	6.8683	6.8683	6.895583838	6.8683
30102006	7.2558	7.2558	7.2558	7.264691798	7.26911719	7.2558	7.363339864	7.2558	7.27186793	7.256035574	7.2558	7.242461595	7.2558	7.2558	7.243364603	7.237202975	7.2558	7.22978432	7.2558	7.224926964	7.2558	7.2558	7.288679785	7.2558
30092006	7.3299	7.3299	7.3299	7.339504437	7.345021527	7.3299	7.438272093	7.3299	7.345893525	7.331329946	7.3299	7.308933527	7.3299	7.3299	7.307338261	7.298614083	7.3299	7.301768248	7.3299	7.298711672	7.3299	7.3299	7.35812881	7.3299
30082006	7.2109	7.2109	7.2109	7.221085247	7.230497679	7.2109	7.311845567	7.2109	7.225224347	7.21095868	7.2109	7.213655728	7.2109	7.2109	7.186559158	7.180069366	7.2109	7.182301051	7.2109	7.180218011	7.210842904	7.2109	7.23946424	7.2109
30072006	7.2319	7.2319	7.2319	7.24091729	7.244007229	7.2319	7.317870534	7.2319	7.246207096	7.232547764	7.2319	7.221397493	7.2319	7.2319	7.206872547	7.195636823	7.2319	7.203250659	7.2319	7.201185676	7.23046681	7.2319	7.258718786	7.2319
30062006	7.267	7.267	7.267	7.27645329	7.280060931	7.267	7.363890733	7.267	7.280724398	7.267948045	7.267	7.234090664	7.267	7.267	7.242342265	7.23787238	7.267	7.239053517	7.267	7.237570918	7.266711537	7.267	7.29281427	7.267
30052006	7.2083	7.2083	7.2083	7.217131511	7.216487886	7.2083	7.308440686	7.2083	7.220971498	7.208241187	7.2083	7.177554303	7.2083	7.2083	7.187434527	7.194889074	7.2083	7.179601386	7.2083	7.17939362	7.207440815	7.2083	7.236136869	7.2083
30042006	7.4156	7.4156	7.4156	7.422535495	7.420167527	7.4156	7.502975192	7.4156	7.428696523	7.415660505	7.4156	7.409858997	7.4156	7.4156	7.395594822	7.40919342	7.4156	7.387346192	7.4156	7.38674277	7.414419529	7.4156	7.43771491	7.4156
30032006	7.7921	7.7921	7.7921	7.796031826	7.796449488	7.7921	7.87097691	7.7921	7.805797762	7.793436667	7.7921	7.786067519	7.7921	7.7921	7.769226794	7.777400972	7.7921	7.762372079	7.7921	7.763013424	7.791478883	7.7921	7.813080493	7.7921
30022006	7.9571	7.9571	7.9571	7.961133873	7.957966308	7.9571	8.020963439	7.9571	7.969720679	7.958207021	7.9571	7.924963815	7.9571	7.9571	7.930722328	7.937408156	7.9571	7.926292622	7.9571	7.92802946	7.955829689	7.9571	7.977421375	7.9571
30012006	7.6335	7.6335	7.6335	7.638941464	7.63975848	7.6335	7.693545039	7.6335	7.644543884	7.634188106	7.6335	7.617274896	7.6335	7.6335	7.612022218	7.618960911	7.6335	7.608457043	7.6335	7.606826095	7.632706601	7.6335	7.651290028	7.6335
30122005	7.9584	7.9584	7.9584	7.963827333	7.964927279	7.9584	8.004472781	7.9584	7.969195572	7.958530514	7.9584	7.941484317	7.9584	7.9584	7.935511069	7.936294451	7.9584	7.933410315	7.9584	7.931415152	7.957380542	7.9584	7.976437354	7.9584
30112005	8.0952	8.0952	8.0952	8.098510761	8.105714274	8.0952	8.150136502	8.0952	8.106048206	8.0952	8.0952	8.086973391	8.0952	8.0952	8.06666643	8.063404196	8.0952	8.068467461	8.0952	8.068784898	8.093771576	8.0952	8.108154913	8.0952
30102005	7.9315	7.9315	7.9315	7.935487679	7.94132629	7.9315	7.967725721	7.9315	7.942128835	7.9315	7.9315	7.924041999	7.9315	7.9315	7.901680596	7.895585118	7.9315	7.906313537	7.9315	7.907014278	7.930480265	7.9315	7.944497254	7.9315
30092005	7.7455	7.7455	7.7455	7.749422197	7.748631881	7.7455	7.784624726	7.7455	7.75587958	7.7455	7.7455	7.751614753	7.7455	7.7455	7.721915502	7.714646832	7.7455	7.721085884	7.7455	7.722581363	7.744752112	7.7455	7.765494544	7.7455
30082005	7.6571	7.6571	7.6571	7.65912861	7.663911266	7.6571	7.706772829	7.6571	7.667361117	7.6571	7.6571	7.623064395	7.6571	7.6571	7.637139454	7.625288484	7.6571	7.633805126	7.6571	7.635180171	7.655618792	7.6571	7.676142682	7.6571
30072005	7.7771	7.7771	7.7771	7.780606284	7.781811532	7.7771	7.835753974	7.7771	7.787521927	7.775253349	7.7771	7.756318552	7.7771	7.7771	7.760855771	7.748155397	7.7771	7.754188147	7.7771	7.756337054	7.775717862	7.7771	7.802176629	7.7771
30062005	7.7952	7.7952	7.7952	7.795683708	7.799438796	7.7952	7.825097151	7.7952	7.807500051	7.793990114	7.7952	7.793962764	7.7952	7.7952	7.77713484	7.772013202	7.7952	7.774873851	7.7952	7.775770633	7.794947781	7.7952	7.812503602	7.7952
30052005	7.4291	7.4291	7.4291	7.430889082	7.425533431	7.4291	7.451409275	7.4291	7.441977445	7.4291	7.4291	7.43502673	7.4291	7.4291	7.407953037	7.405909284	7.4291	7.404037256	7.4291	7.410822911	7.427836593	7.4291	7.447947913	7.4291
30042005	7.0854	7.0854	7.0854	7.086281241	7.083750352	7.0854	7.106175363	7.0854	7.097681682	7.0854	7.0854	7.062389825	7.0854	7.0854	7.066729503	7.064211049	7.0854	7.057396444	7.0854	7.069170679	7.084480266	7.0854	7.107869671	7.0854
30032005	7.0526	7.0526	7.0526	7.05662228	7.056891012	7.0526	7.077239552	7.0526	7.064824828	7.0526	7.0526	7.037509814	7.0526	7.0526	7.03494913	7.037749996	7.0526	7.02273019	7.0526	7.037359307	7.051855115	7.0526	7.072669549	7.0526
30022005	6.8323	6.8323	6.8323	6.83208632	6.829845274	6.8323	6.857211303	6.8323	6.844142964	6.832244238	6.8323	6.833380462	6.8323	6.8323	6.815619412	6.825080398	6.8323	6.801364724	6.8323	6.81825551	6.831076759	6.8323	6.854246121	6.8323
30012005	6.9856	6.9856	6.9856	6.987232646	6.98766702	6.9856	7.011991675	6.9856	6.997765803	6.985542993	6.9856	6.998505131	6.9856	6.9856	6.966888163	6.982435513	6.9856	6.953942546	6.9856	6.972488727	6.984916645	6.9856	7.010511403	6.9856
30122004	6.6146	6.6146	6.6146	6.61676563	6.611825612	6.6146	6.640810585	6.6146	6.626173761	6.6146	6.6146	6.601003015	6.6146	6.6146	6.595409218	6.603619666	6.6146	6.586838791	6.6146	6.602830968	6.613357725	6.6146	6.635297396	6.6146
30112004	6.7121	6.7121	6.7121	6.716322007	6.718558668	6.7121	6.729112399	6.7121	6.72384436	6.71204523	6.7121	6.68038583	6.7121	6.7121	6.69418658	6.694840996	6.7121	6.687481523	6.7121	6.701416071	6.71116641	6.7121	6.740483428	6.7121
30102004	7.1076	7.1076	7.1076	7.110806835	7.111023728	7.1076	7.125934628	7.1076	7.120094477	7.1076	7.1076	7.075678239	7.1076	7.1076	7.092386449	7.09139825	7.1076	7.084132871	7.1076	7.097273702	7.106726326	7.1076	7.134504567	7.1076
30092004	7.3002	7.3002	7.3002	7.303460213	7.304085337	7.3002	7.309306406	7.3002	7.313033049	7.3002	7.3002	7.276537241	7.3002	7.3002	7.284531072	7.279031407	7.3002	7.281391439	7.3002	7.290490037	7.299121445	7.3002	7.331079716	7.3002
30082004	7.5355	7.5355	7.5355	7.539394053	7.53773684	7.5355	7.549978613	7.5355	7.548746684	7.5355	7.5355	7.531864043	7.5355	7.5355	7.516983924	7.506682325	7.5355	7.513102794	7.5355	7.526589069	7.534446712	7.5355	7.565318205	7.5355
30072004	7.6715	7.6715	7.6715	7.674256325	7.672815959	7.6715	7.676818869	7.6715	7.684985759	7.6715	7.6715	7.64542246	7.6715	7.6715	7.650894113	7.633914999	7.6715	7.643950127	7.6715	7.663499424	7.670046411	7.6715	7.706695872	7.6715
30062004	7.5237	7.5237	7.5237	7.52727203	7.531786436	7.5237	7.546496566	7.5237	7.536925941	7.523761393	7.5237	7.480731594	7.5237	7.5237	7.505178784	7.492544401	7.5237	7.493561439	7.5237	7.517277931	7.5235138	7.5237	7.562136799	7.5237
30052004	7.4515	7.4515	7.4515	7.452804589	7.453768687	7.4515	7.471051811	7.4515	7.46453811	7.451439196	7.4515	7.428479795	7.4515	7.4515	7.437261493	7.4312344	7.4515	7.424076685	7.4515	7.44532382	7.4515	7.4515	7.480865699	7.4515
30042004	7.6574	7.6574	7.6574	7.656469179	7.660548532	7.6574	7.671380483	7.6574	7.670860972	7.654532872	7.6574	7.641257352	7.6574	7.6574	7.64641913	7.6417565	7.6574	7.629176924	7.6574	7.65105316	7.6574	7.6574	7.678723238	7.6574
30032004	7.5737	7.5737	7.5737	7.571210467	7.57648855	7.5737	7.599560378	7.5737	7.589855673	7.573208042	7.5737	7.535649162	7.5737	7.5737	7.563292043	7.562294531	7.5737	7.547809066	7.5737	7.567422535	7.573762486	7.5737	7.590511533	7.5737
30022004	7.434	7.434	7.434	7.43844834	7.439353495	7.434	7.447466149	7.434	7.450341621	7.432613886	7.434	7.396651025	7.434	7.434	7.422169844	7.425819503	7.434	7.410174754	7.434	7.427777042	7.433938667	7.434	7.44852072	7.434
30012004	7.4241	7.4241	7.4241	7.431965886	7.428183667	7.4241	7.440154165	7.4241	7.441807429	7.424039879	7.4241	7.438122332	7.4241	7.4241	7.41274706	7.421026473	7.4241	7.397189267	7.4241	7.417946531	7.423977479	7.4241	7.438329851	7.4241
30122003	7.1892	7.1892	7.1892	7.196992381	7.188322332	7.1892	7.210636818	7.1892	7.20640552	7.189258219	7.1892	7.169126328	7.1892	7.1892	7.178727484	7.182257248	7.1892	7.159553789	7.1892	7.183359776	7.189318646	7.1892	7.198753193	7.1892
30112003	7.5434	7.5434	7.5434	7.55132594	7.543744818	7.5434	7.580111071	7.5434	7.561391974	7.5434	7.5434	7.536712754	7.5434	7.5434	7.530858606	7.535092261	7.5434	7.505994788	7.5434	7.537147649	7.543462236	7.5434	7.547431654	7.5434
30102003	7.7847	7.7847	7.7847	7.794571392	7.779608743	7.7847	7.815604642	7.7847	7.803267506	7.784636959	7.7847	7.777798841	7.7847	7.7847	7.770134939	7.778279616	7.7847	7.738713547	7.7847	7.778183474	7.7847	7.7847	7.780943197	7.7847
30092003	7.6918	7.6918	7.6918	7.701865395	7.683914994	7.6918	7.726125662	7.6918	7.710208365	7.691862289	7.6918	7.671859224	7.6918	7.6918	7.678440598	7.682242947	7.6918	7.642081424	7.6918	7.68536124	7.691926903	7.6918	7.68545032	7.6918
30082003	8.447	8.447	8.447	8.45851128	8.451026125	8.447	8.482233971	8.447	8.467147176	8.446726426	8.447	8.432193147	8.447	8.447	8.432279849	8.429412853	8.447	8.392254467	8.447	8.439789822	8.446860639	8.447	8.437192285	8.447
30072003	8.118	8.118	8.118	8.129027069	8.130738911	8.118	8.151107803	8.118	8.137626023	8.116162605	8.118	8.100375128	8.118	8.118	8.103841336	8.096542791	8.118	8.064742257	8.118	8.11120447	8.119405107	8.118	8.110989764	8.118
30062003	8.0938	8.0938	8.0938	8.105767856	8.112345632	8.0938	8.123573832	8.0938	8.115204279	8.090996519	8.0938	8.097117818	8.0938	8.0938	8.080230727	8.0780378	8.0938	8.042406055	8.0938	8.085625225	8.094066493	8.0938	8.088546391	8.0938
30052003	7.7398	7.7398	7.7398	7.7536412	7.755718622	7.7398	7.768271609	7.7398	7.762957002	7.7398	7.7398	7.716570713	7.7398	7.7398	7.725755565	7.722590635	7.7398	7.691371485	7.7398	7.731728195	7.7398	7.7398	7.737127549	7.7398
30042003	8.1911	8.1911	8.1911	8.210936239	8.217260782	8.1911	8.230067274	8.1911	8.215607263	8.190441789	8.1911	8.219169768	8.1911	8.1911	8.170491903	8.167213675	8.1911	8.143900329	8.1911	8.182557536	8.191032587	8.1911	8.194206561	8.1911
30032003	8.5	8.5	8.5	8.523305582	8.531005838	8.5	8.536281714	8.5	8.526116604	8.498976705	8.5	8.514474498	8.5	8.5	8.479094159	8.481037092	8.5	8.453154399	8.5	8.491205268	8.500069956	8.5	8.512297078	8.5
30022003	8.4825	8.4825	8.4825	8.501242994	8.501582929	8.4825	8.499114567	8.4825	8.509587284	8.4825	8.4825	8.462708349	8.4825	8.4825	8.464500943	8.470598009	8.4825	8.438051269	8.4825	8.473653636	8.482360372	8.4825	8.49639122	8.4825
30012003	8.5323	8.5323	8.5323	8.546890932	8.542091006	8.5323	8.54901211	8.5323	8.559546311	8.532026323	8.5323	8.550950897	8.5323	8.5323	8.515955622	8.525096692	8.5323	8.487950639	8.5323	8.523542004	8.5323	8.5323	8.547102818	8.5323
30122002	8.825	8.825	8.825	8.839903405	8.830882839	8.825	8.859241721	8.825	8.853464973	8.82295123	8.825	8.827445617	8.825	8.825	8.808768886	8.812596555	8.825	8.774462893	8.825	8.815941561	8.825726081	8.825	8.833568677	8.825
30112002	9.1325	9.1325	9.1325	9.150119454	9.14638121	9.1325	9.182079301	9.1325	9.164084302	9.131478525	9.1325	9.124547187	9.1325	9.1325	9.117007526	9.119664367	9.1325	9.079116767	9.1325	9.12237538	9.135573317	9.1325	9.141367246	9.1325
30102002	9.1975	9.1975	9.1975	9.210502137	9.212677277	9.1975	9.241485932	9.1975	9.230341521	9.1975	9.1975	9.189490583	9.1975	9.1975	9.18580556	9.178042373	9.1975	9.151549204	9.1975	9.184212599	9.1975	9.1975	9.20863187	9.1975
30092002	9.2825	9.2825	9.2825	9.296241599	9.299549524	9.2825	9.311409072	9.2825	9.31564503	9.282574119	9.2825	9.285648856	9.2825	9.2825	9.268690795	9.257548282	9.2825	9.223062748	9.2825	9.269089801	9.282423973	9.2825	9.285780977	9.2825
30082002	9.2975	9.2975	9.2975	9.313044498	9.317671243	9.2975	9.372095917	9.2975	9.330624087	9.297425762	9.2975	9.304372966	9.2975	9.2975	9.286282496	9.271093527	9.2975	9.238458406	9.2975	9.284144172	9.297423842	9.2975	9.299076516	9.2975
30072002	9.4275	9.4275	9.4275	9.441713143	9.448928306	9.4275	9.503138936	9.4275	9.461162782	9.427575277	9.4275	9.434469065	9.4275	9.4275	9.418808199	9.399351474	9.4275	9.369958753	9.4275	9.414034539	9.427654439	9.4275	9.428843646	9.4275
30062002	9.1625	9.1625	9.1625	9.176286341	9.187336796	9.1625	9.236012781	9.1625	9.195143124	9.162573168	9.1625	9.147909591	9.1625	9.1625	9.153391393	9.141675822	9.1625	9.104663817	9.1625	9.149263162	9.1625	9.1625	9.150197825	9.1625
30052002	9.8525	9.8525	9.8525	9.870809624	9.875530157	9.8525	9.935908722	9.8525	9.887522421	9.853838768	9.8525	9.853164564	9.8525	9.8525	9.839181258	9.83292064	9.8525	9.796182479	9.8525	9.838266336	9.8525	9.8525	9.835813512	9.8525
30042002	10.22	10.22	10.22	10.24292371	10.23202443	10.22	10.27144548	10.22	10.25493531	10.22139097	10.22	10.21671604	10.22	10.22	10.20757425	10.215639	10.22	10.15175323	10.22	10.20523542	10.21983258	10.22	10.19534407	10.22
30032002	10.3375	10.3375	10.3375	10.3595573	10.34895107	10.3375	10.3896812	10.3375	10.37142539	10.3388263	10.3375	10.35458677	10.3375	10.3375	10.32785429	10.33454516	10.3375	10.26024046	10.3375	10.32273477	10.33758468	10.3375	10.30152903	10.3375
30022002	10.4925	10.4925	10.4925	10.51596072	10.50498369	10.4925	10.5454636	10.4925	10.52558363	10.49233163	10.4925	10.5261609	10.4925	10.4925	10.48266731	10.49701	10.4925	10.41288897	10.4925	10.47742756	10.49241405	10.4925	10.44637599	10.4925
30012002	10.6325	10.6325	10.6325	10.65578114	10.64039491	10.6325	10.68617028	10.6325	10.66619622	10.63258531	10.6325	10.63591761	10.6325	10.6325	10.61865231	10.64468629	10.6325	10.5454518	10.6325	10.61731342	10.63328356	10.6325	10.57983529	10.6325
30122001	10.6675	10.6675	10.6675	10.68924147	10.67070075	10.6675	10.72134696	10.6675	10.70122129	10.6675856	10.6675	10.72466115	10.6675	10.6675	10.65132793	10.67055265	10.6675	10.57937215	10.6675	10.65147847	10.66985442	10.6675	10.61306199	10.6675
30112001	10.665	10.665	10.665	10.68682904	10.67971218	10.665	10.70795091	10.665	10.69862754	10.665	10.665	10.71698177	10.665	10.665	10.64653181	10.65736413	10.665	10.57772341	10.665	10.6466324	10.66847598	10.665	10.60745522	10.665
30102001	10.5875	10.5875	10.5875	10.61373772	10.62255125	10.5875	10.61404997	10.5875	10.62088317	10.58512464	10.5875	10.60721945	10.5875	10.5875	10.56460683	10.56627928	10.5875	10.49705388	10.5875	10.56582222	10.59248006	10.5875	10.53475244	10.5875
30092001	10.66	10.66	10.66	10.68498913	10.69369375	10.66	10.68236012	10.66	10.69601148	10.65812532	10.66	10.65567457	10.66	10.66	10.63606866	10.64315823	10.66	10.58180195	10.66	10.63317223	10.66498602	10.66	10.61632749	10.66
30082001	10.425	10.425	10.425	10.44782181	10.45926776	10.425	10.44429235	10.425	10.46205747	10.42516652	10.425	10.44406673	10.425	10.425	10.40159622	10.40099963	10.425	10.34847978	10.425	10.39390209	10.42600526	10.425	10.39665338	10.425
30072001	10.55	10.55	10.55	10.57367186	10.58849385	10.55	10.592569	10.55	10.58733269	10.55143382	10.55	10.56929535	10.55	10.55	10.52173695	10.51049096	10.55	10.47613123	10.55	10.51751504	10.55169296	10.55	10.51737226	10.55
30062001	10.845	10.845	10.845	10.87028486	10.88594221	10.845	10.84200424	10.845	10.88189766	10.84552076	10.845	10.84926047	10.845	10.845	10.81269752	10.80904943	10.845	10.77238363	10.845	10.80987203	10.84708397	10.845	10.81947841	10.845
30052001	10.5775	10.5775	10.5775	10.60065566	10.60615704	10.5775	10.57457814	10.5775	10.61297794	10.5775	10.5775	10.58165538	10.5775	10.5775	10.54898986	10.54845079	10.5775	10.50832585	10.5775	10.54121289	10.5824776	10.5775	10.56898819	10.5775
30042001	10.195	10.195	10.195	10.21027734	10.21188966	10.195	10.2064983	10.195	10.229195	10.195	10.195	10.14189766	10.195	10.195	10.17117835	10.17134534	10.195	10.12910826	10.195	10.1552462	10.19912523	10.195	10.2021951	10.195
30032001	10.4125	10.4125	10.4125	10.42552293	10.42849751	10.4125	10.41781179	10.4125	10.44742451	10.4125	10.4125	10.36082011	10.4125	10.4125	10.38348675	10.38220394	10.4125	10.34904231	10.4125	10.36770298	10.41398196	10.4125	10.42275692	10.4125
30022001	9.845	9.845	9.845	9.858264177	9.855754792	9.845	9.850022291	9.845	9.878021064	9.845	9.845	9.77781517	9.845	9.845	9.81693366	9.823319257	9.845	9.789502415	9.845	9.801249532	9.848802738	9.845	9.864387686	9.845
30012001	9.4975	9.4975	9.4975	9.506295526	9.505485648	9.4975	9.513673176	9.4975	9.529355516	9.498336794	9.4975	9.419433902	9.4975	9.4975	9.471180342	9.482888682	9.4975	9.449692008	9.4975	9.451642997	9.500630876	9.4975	9.522110934	9.4975
30122000	9.535	9.535	9.535	9.546285379	9.543484374	9.535	9.544575822	9.535	9.566138453	9.536070515	9.535	9.456625665	9.535	9.535	9.508160191	9.511205806	9.535	9.489552835	9.535	9.485834904	9.535821079	9.535	9.571854609	9.535
30112000	10.075	10.075	10.075	10.08432664	10.09181831	10.075	10.08511813	10.075	10.10676722	10.075	10.075	9.998325797	10.075	10.075	10.04654918	10.04865341	10.075	10.02543253	10.075	10.02218748	10.075	10.075	10.11785184	10.075
30102000	10.0825	10.0825	10.0825	10.09084803	10.09601448	10.0825	10.12395322	10.0825	10.11429087	10.0825	10.0825	10.00576872	10.0825	10.0825	10.05397726	10.0590723	10.0825	10.03439998	10.0825	10.02964817	10.08257888	10.0825	10.12932878	10.0825
30092000	9.6825	9.6825	9.6825	9.690653345	9.691844668	9.6825	9.71758585	9.6825	9.713029641	9.6825	9.6825	9.602821883	9.6825	9.6825	9.655974682	9.658140338	9.6825	9.638406734	9.6825	9.631669589	9.68234849	9.6825	9.727831288	9.6825
30082000	9.44	9.44	9.44	9.447322185	9.455125288	9.44	9.485121378	9.44	9.469765021	9.44	9.44	9.35155722	9.44	9.44	9.412692319	9.404101748	9.44	9.399248652	9.44	9.390589589	9.440295411	9.44	9.484438838	9.44
30072000	9.1775	9.1775	9.1775	9.184815719	9.186781834	9.1775	9.223117175	9.1775	9.206437339	9.1775	9.1775	9.126678728	9.1775	9.1775	9.149995629	9.141710162	9.1775	9.137057858	9.1775	9.12917787	9.177428212	9.1775	9.220925224	9.1775
30062000	8.8125	8.8125	8.8125	8.82099407	8.825519771	8.8125	8.890617026	8.8125	8.840286466	8.8125	8.8125	8.726853843	8.8125	8.8125	8.790376845	8.786702562	8.8125	8.772733659	8.8125	8.766168268	8.810705656	8.8125	8.854207313	8.8125
30052000	8.995	8.995	8.995	9.001072797	8.996643236	8.995	9.055997967	8.995	9.023361903	8.995	8.995	8.907580178	8.995	8.995	8.972817901	8.968518738	8.995	8.951510595	8.995	8.949531019	8.993234702	8.995	9.039239617	8.995
30042000	8.9275	8.9275	8.9275	8.933527225	8.929130905	8.9275	8.988040228	8.9275	8.95564907	8.9275	8.9275	8.880581612	8.9275	8.9275	8.900553448	8.899451752	8.9275	8.886309077	8.9275	8.884115762	8.926306207	8.9275	8.964437691	8.9275
30032000	8.67	8.67	8.67	8.676758753	8.676234134	8.67	8.733043726	8.67	8.697337153	8.670974713	8.67	8.630659452	8.67	8.67	8.647559313	8.647799277	8.67	8.632741533	8.67	8.629020994	8.66918049	8.67	8.709612959	8.67
30022000	8.715	8.715	8.715	8.718734365	8.714561961	8.715	8.775339073	8.715	8.741496291	8.717525723	8.715	8.687157201	8.715	8.715	8.695811118	8.697727625	8.715	8.673315971	8.715	8.674628247	8.713074366	8.715	8.754302474	8.715
30012000	8.76	8.76	8.76	8.769679213	8.765106643	8.76	8.829212378	8.76	8.784087359	8.76	8.76	8.753643382	8.76	8.76	8.740666075	8.741662564	8.76	8.71800044	8.76	8.721346823	8.758960916	8.76	8.795707233	8.76
30121999	8.525	8.525	8.525	8.531279757	8.52884115	8.525	8.592350287	8.525	8.54844118	8.526307342	8.525	8.504466596	8.525	8.525	8.506580051	8.507154493	8.525	8.483501004	8.525	8.488390619	8.525809169	8.525	8.555034628	8.525
30111999	8.51	8.51	8.51	8.516608101	8.519938145	8.51	8.559998325	8.51	8.532091505	8.511100835	8.51	8.481099587	8.51	8.51	8.492061094	8.493083241	8.51	8.466140323	8.51	8.472650834	8.508518629	8.51	8.532891775	8.51
30101999	8.23	8.23	8.23	8.236882594	8.241142036	8.23	8.273235532	8.23	8.2502974	8.23	8.23	8.259137087	8.23	8.23	8.212237103	8.206174512	8.23	8.184307591	8.23	8.195306305	8.230130375	8.23	8.246367398	8.23
30091999	8.195	8.195	8.195	8.200030864	8.20188437	8.195	8.224974769	8.195	8.215211081	8.195	8.195	8.224013175	8.195	8.195	8.179711067	8.173561953	8.195	8.145275039	8.195	8.160324576	8.194025808	8.195	8.211698506	8.195
30081999	8.2875	8.2875	8.2875	8.289098583	8.295020815	8.2875	8.327494082	8.2875	8.307939211	8.2875	8.2875	8.285699347	8.2875	8.2875	8.272838644	8.267430302	8.2875	8.235950345	8.2875	8.253414318	8.286973976	8.2875	8.311818594	8.2875
30071999	8.2125	8.2125	8.2125	8.215452055	8.225863282	8.2125	8.256668776	8.2125	8.232754241	8.2125	8.2125	8.210715643	8.2125	8.2125	8.199205525	8.193440344	8.2125	8.161663307	8.2125	8.179241938	8.210999243	8.2125	8.230798255	8.2125
30061999	8.455	8.455	8.455	8.455494583	8.463647467	8.455	8.498238134	8.455	8.475852311	8.455	8.455	8.45377045	8.455	8.455	8.440457598	8.436161614	8.455	8.401271711	8.455	8.422298985	8.454865474	8.455	8.467013593	8.455
30051999	8.5775	8.5775	8.5775	8.578078143	8.580856352	8.5775	8.621364588	8.5775	8.598654429	8.5775	8.5775	8.576252635	8.5775	8.5775	8.5614325	8.558513958	8.5775	8.522303545	8.5775	8.544461146	8.5775	8.5775	8.591692876	8.5775
30041999	8.3825	8.3825	8.3825	8.383292998	8.385220267	8.3825	8.421857941	8.3825	8.403173506	8.380874381	8.3825	8.370236	8.3825	8.3825	8.370569232	8.370620175	8.3825	8.328770748	8.3825	8.350212248	8.382966708	8.3825	8.39352548	8.3825
30031999	8.3	8.3	8.3	8.29921271	8.30326814	8.3	8.314246551	8.3	8.322083941	8.298928963	8.3	8.292696998	8.3	8.3	8.288987371	8.29074469	8.3	8.244209485	8.3	8.267569713	8.299669966	8.3	8.312876385	8.3
30021999	8.19	8.19	8.19	8.188114244	8.185675376	8.19	8.204057741	8.19	8.212851054	8.189340288	8.19	8.184606492	8.19	8.19	8.178679543	8.180856426	8.19	8.133340582	8.19	8.158323913	8.189152582	8.19	8.201623355	8.19
