30042017 8.8123 8.8123 8.8123 8.82153425270288 8.82515007012527 8.8123 8.89106137937253 8.8123 8.80839841413735 8.81244767031746 8.8123 8.80422971158916 8.8123 8.8123 8.79503711384978 8.79778969879724 8.8123 8.7672976467494 8.8123 8.8057227949839 8.81149901082434 8.8123 8.8236929869575 8.8123
30032017 8.9161 8.9161 8.9161 8.92922795579607 8.93180011568468 8.9161 8.97844407694087 8.9161 8.91200311632158 8.9161 8.9161 8.88960062432749 8.9161 8.9161 8.89589459264997 8.90006369748263 8.9161 8.87011866028444 8.9161 8.91025521490819 8.91514109304971 8.9161 8.91811471142796 8.9161
30022017 9.0285 9.0285 9.0285 9.03897142670062 9.03223250730616 9.0285 9.10068347128403 9.0285 9.02435146933182 9.02872699787718 9.0285 9.00450196376408 9.0285 9.0285 9.00936790208433 9.01494156865689 9.0285 8.98025739411814 9.0285 9.0235519963352 9.02842525240811 9.0285 9.0285 9.0285
30012017 8.7871 8.7871 8.7871 8.79975806139476 8.80159430049487 8.7871 8.83968629996364 8.7871 8.78284156944938 8.78746836545965 8.7871 8.79082730385441 8.7871 8.7871 8.77241317777718 8.78445208608479 8.7871 8.737089900483 8.7871 8.78235700360349 8.78629931651834 8.7871 8.79041852219946 8.7871
30122016 9.0622 9.0622 9.0622 9.07261748361922 9.07127930425695 9.0622 9.12551114664541 9.0622 9.05742855172156 9.06144044282002 9.0622 9.06604399551495 9.0622 9.0622 9.04913531108142 9.05536523490417 9.0622 9.00564992391891 9.0622 9.05813389357567 9.06122295541569 9.0622 9.05808921649972 9.0622
30112016 9.1714 9.1714 9.1714 9.18032546781759 9.18279037363688 9.1714 9.22644738592066 9.1714 9.16733942505581 9.17155368786237 9.1714 9.18685359736191 9.1714 9.1714 9.15890179000745 9.154784985741 9.1714 9.11378813085614 9.1714 9.16827337769979 9.17132388026868 9.1714 9.16450468250487 9.1714
30102016 9.0124 9.0124 9.0124 9.01917124916359 9.01814752762179 9.0124 9.07637416041323 9.0124 9.00825886716576 9.01232448542682 9.0124 9.02758568603097 9.0124 9.0124 9.00147237588443 8.99193092039845 9.0124 8.95874108754414 9.0124 9.00940235759736 9.0124 9.0124 9.00495027559315 9.0124
30092016 8.6202 8.6202 8.6202 8.6283536671643 8.63040619520621 8.6202 8.67868570372705 8.6202 8.6163112759987 8.62056122344547 8.6202 8.61156674703379 8.6202 8.6202 8.61235981353951 8.59663629669433 8.6202 8.56838986677291 8.6202 8.61733280845954 8.6202 8.6202 8.61244445957073 8.6202
30082016 8.5482 8.5482 8.5482 8.55565746875138 8.56449954697506 8.5482 8.60415476636075 8.5482 8.54398572672673 8.54812834612332 8.5482 8.59257435253743 8.5482 8.5482 8.54172061051464 8.52481180055992 8.5482 8.49941484364872 8.5482 8.54535675660354 8.5481290455656 8.5482 8.54436069141999 8.5482
30072016 8.6091 8.6091 8.6091 8.61640695110548 8.61970298031761 8.6091 8.65615841123251 8.6091 8.60492783233907 8.60895569365591 8.6091 8.60161440953341 8.6091 8.6091 8.60192541883518 8.5829318165785 8.6091 8.56073778884075 8.6091 8.60630793722508 8.60902853294588 8.6091 8.60455846490818 8.6091
30062016 8.4887 8.4887 8.4887 8.49311323791354 8.49971189248421 8.4887 8.54777284035253 8.4887 8.48472840256392 8.48862886633784 8.4887 8.48224221486042 8.4887 8.4887 8.48160640959055 8.47063045882956 8.4887 8.44256701125608 8.4887 8.4860174300902 8.48862952540664 8.4887 8.47908964142522 8.4887
30052016 8.3297 8.3297 8.3297 8.3351780283366 8.33556824853279 8.3297 8.38766635978235 8.3297 8.32587256289453 8.3296302057454 8.3297 8.32336317423431 8.3297 8.3297 8.32206849898555 8.32208947438087 8.3297 8.28669635693776 8.3297 8.3271368099948 8.3297 8.3297 8.32218553827738 8.3297
30042016 8.0408 8.0408 8.0408 8.04608803321235 8.04646471935393 8.0408 8.09628946829686 8.0408 8.03717265354056 8.0408 8.0408 8.02253586009984 8.0408 8.0408 8.0352565008212 8.03957230314577 8.0408 8.00068160079731 8.0408 8.03832570942605 8.04073323729533 8.0408 8.02746992703647 8.0408
30032016 8.103 8.103 8.103 8.10560605602108 8.1087355381233 8.103 8.16074570533078 8.103 8.09934459402536 8.10245710358558 8.103 8.07042510879363 8.103 8.103 8.09613484324286 8.11043737485202 8.103 8.06564895983279 8.103 8.10057382843715 8.10313455327461 8.103 8.09644388248928 8.103
30022016 8.5616 8.5616 8.5616 8.56699786740941 8.56022236300278 8.5616 8.63033977300012 8.5616 8.55831111349186 8.56102683846311 8.5616 8.5371200030788 8.5616 8.5616 8.55234765966562 8.57207936032836 8.5616 8.51920190600577 8.5616 8.5588943924818 8.56131564175855 8.5616 8.55657704011298 8.5616
30012016 8.5607 8.5607 8.5607 8.56104346251566 8.56468962591872 8.5607 8.61215597701792 8.5607 8.5579843787083 8.5617033219728 8.5607 8.56369797321277 8.5607 8.5607 8.55542210925511 8.57249437064762 8.5607 8.51924187902023 8.5607 8.55827892483459 8.55998870068014 8.5607 8.54811596266568 8.5607
30122015 8.4408 8.4408 8.4408 8.44120699150094 8.43863200908612 8.4408 8.49494291786593 8.4408 8.4371335734577 8.43945794209752 8.4408 8.40423572323073 8.4408 8.4408 8.43756063444853 8.44467459499026 8.4408 8.39840014010839 8.4408 8.43911403095707 8.43995747856443 8.4408 8.43275073613145 8.4408
30112015 8.7031 8.7031 8.7031 8.70372846590096 8.70841590117441 8.7031 8.76174645719958 8.7031 8.70070301990388 8.70339112713429 8.7031 8.66247345803854 8.7031 8.7031 8.70176935212528 8.6951044819163 8.7031 8.66182886054903 8.7031 8.70223025523052 8.70317243559072 8.7031 8.70565860913197 8.7031
30102015 8.5201 8.5201 8.5201 8.52057884755376 8.52407261994865 8.5201 8.56479411525984 8.5201 8.51746850360058 8.5200287393622 8.5201 8.46972551348666 8.5201 8.5201 8.52075051350195 8.50965545526583 8.5201 8.47753086736961 8.5201 8.51917763853395 8.5201 8.5201 8.52323527644753 8.5201
30092015 8.398 8.398 8.398 8.39678310400153 8.39745876969022 8.398 8.45048761324244 8.398 8.39547643340371 8.39778932580588 8.398 8.35572395169993 8.398 8.398 8.39671835141838 8.3760878154324 8.398 8.35674750489119 8.398 8.39709085672799 8.39806988927408 8.398 8.40481837290949 8.398
30082015 8.4737 8.4737 8.4737 8.47315504997475 8.48575369839845 8.4737 8.52068804239145 8.4737 8.4713662005216 8.47362915588508 8.4737 8.43104287324597 8.4737 8.4737 8.47305426171946 8.44505848480041 8.4737 8.43435699992636 8.4737 8.47271215062566 8.47362948132731 8.4737 8.48306644557056 8.4737
30072015 8.6279 8.6279 8.6279 8.62478399241108 8.62457293791855 8.6279 8.67159553736723 8.6279 8.62559584528406 8.62746736115038 8.6279 8.6098679214977 8.6279 8.6279 8.62724251090897 8.60540866964812 8.6279 8.58773940461835 8.6279 8.62696596841669 8.6279 8.6279 8.63747074480783 8.6279
30062015 8.2358 8.2358 8.2358 8.2361964952087 8.23871031797194 8.2358 8.28238232222018 8.2358 8.2340134466899 8.23593763609822 8.2358 8.20220463939152 8.2358 8.2358 8.2358 8.22570397043207 8.2358 8.197149691146 8.2358 8.23490841603243 8.23573145430101 8.2358 8.24473751005626 8.2358
30052015 8.5025 8.5025 8.5025 8.5008595400787 8.4985370517881 8.5025 8.54690694970242 8.5025 8.50051353274307 8.50207382019225 8.5025 8.49364772526169 8.5025 8.5025 8.50380496544955 8.50771626339322 8.5025 8.46103808097017 8.5025 8.50165030220237 8.5025 8.5025 8.51606593443889 8.5025
30042015 8.3157 8.3157 8.3157 8.31683879312529 8.31275880183979 8.3157 8.35607660191772 8.3157 8.3141739155863 8.31465909304751 8.3157 8.32306757132275 8.3157 8.3157 8.31633959547638 8.32717791052548 8.3157 8.27456724506417 8.3157 8.31486897007048 8.3156307823886 8.3157 8.33017519582573 8.3157
30032015 8.6347 8.6347 8.6347 8.63525662855295 8.63275415182443 8.6347 8.67056812838075 8.6347 8.63419614749355 8.63419614749355 8.6347 8.66344326481216 8.6347 8.6347 8.63536844982517 8.65464648703223 8.6347 8.59079515780561 8.6347 8.63390895708391 8.6347 8.6347 8.65917124327442 8.6347
30022015 8.3357 8.3357 8.3357 8.33428172599125 8.32278885440812 8.3357 8.36439057444085 8.3357 8.3357 8.33514452734208 8.3357 8.34152715730579 8.3357 8.3357 8.33634770974783 8.36269592047544 8.3357 8.29525415637255 8.3357 8.3349363490989 8.3357 8.3357 8.36790748147041 8.3357
30012015 8.2806 8.2806 8.2806 8.2784768356173 8.27781198532174 8.2806 8.30859720889789 8.2806 8.28115183768873 8.28039318405881 8.2806 8.28782887400254 8.2806 8.2806 8.27545674653381 8.30097710507423 8.2806 8.24158063068312 8.2806 8.27984139692508 8.28066892602232 8.2806 8.31371786219971 8.2806
30122014 7.7366 7.7366 7.7366 7.73529545525309 7.73461173144257 7.7366 7.75762318166645 7.7366 7.73730883103529 7.73666440431055 7.7366 7.76301884479766 7.7366 7.7366 7.72821592099831 7.74609571521611 7.7366 7.6996567468809 7.7366 7.73582684246032 7.73640679028389 7.7366 7.76219579035834 7.7366
30112014 7.4229 7.4229 7.4229 7.42218546943065 7.42349598231536 7.4229 7.45221777238914 7.4229 7.42351829166746 7.42185043828258 7.4229 7.42023993500745 7.4229 7.4229 7.41259733445967 7.42062617490217 7.4229 7.38940428182096 7.4229 7.42234355373027 7.4229 7.4229 7.44745794434906 7.4229
30102014 7.3989 7.3989 7.3989 7.39652802261304 7.40354519887687 7.3989 7.43165319973924 7.3989 7.40056269591553 7.3986540872423 7.3989 7.42325136555072 7.3989 7.3989 7.38865907400637 7.38983823344763 7.3989 7.36146758307671 7.3989 7.39834535285332 7.3989 7.3989 7.42500227648726 7.3989
30092014 7.2689 7.2689 7.2689 7.26796527339646 7.27147583973971 7.2689 7.29594259167707 7.2689 7.2707751363993 7.26896039022815 7.2689 7.29282350769055 7.2689 7.2689 7.25882971641538 7.25327014685988 7.2689 7.23066508983616 7.2689 7.26835509810317 7.2689 7.2689 7.29366969028354 7.2689
30082014 6.9501 6.9501 6.9501 6.95032345073981 6.95851318204346 6.9501 6.97995008008378 6.9501 6.95183514047223 6.94969594286009 6.9501 6.97965430351912 6.9501 6.9501 6.93833336459863 6.92874077520382 6.9501 6.91261106297658 6.9501 6.94957899645432 6.9501 6.9501 6.9784660067332 6.9501
30072014 6.896 6.896 6.896 6.89727193241534 6.89478557523535 6.896 6.92042068532416 6.896 6.89812266937354 6.89348675159155 6.896 6.89902364002065 6.896 6.896 6.88432495680237 6.87052899389032 6.896 6.85904162997653 6.896 6.89548305197752 6.89605741236419 6.896 6.92008582186741 6.896
30062014 6.7186 6.7186 6.7186 6.71773795011154 6.7180609206276 6.7186 6.74129144181504 6.7186 6.72311830522528 6.7186 6.7186 6.72754520280812 6.7186 6.7186 6.70668116923076 6.6958278291405 6.7186 6.68316975149269 6.7186 6.71804041972636 6.7185440650379 6.7186 6.7416172574653 6.7186
30052014 6.6747 6.6747 6.6747 6.67443206134854 6.67287928123314 6.6747 6.69561642297648 6.6747 6.67918878216997 6.67486555342094 6.6747 6.67297904981609 6.6747 6.6747 6.66385782102453 6.65822405118013 6.6747 6.64121583081466 6.6747 6.6741996413913 6.6747 6.6747 6.69368533181831 6.6747
30042014 6.5504 6.5504 6.5504 6.54692673391945 6.54209347530644 6.5504 6.56162434365956 6.5504 6.55464261393297 6.55034583872497 6.5504 6.56954363855273 6.5504 6.5504 6.54177720384077 6.54028972750569 6.5504 6.51850615927886 6.5504 6.54990895934942 6.55034545991961 6.5504 6.57092278142842 6.5504
30032014 6.4899 6.4899 6.4899 6.48869821939446 6.48593261741463 6.4899 6.50433147070534 6.4899 6.49415712506011 6.48984634428644 6.4899 6.48215469754942 6.4899 6.4899 6.48384310089249 6.48587649889792 6.4899 6.45696865379091 6.4899 6.4894675273819 6.48984595825644 6.4899 6.50507059264168 6.4899
30022014 6.4088 6.4088 6.4088 6.40776356400137 6.40146305150246 6.4088 6.41859682343263 6.4088 6.41305694698405 6.4087470200427 6.4088 6.40385426713867 6.4088 6.4088 6.40027647971751 6.40680752314409 6.4088 6.38053211158469 6.4088 6.40842629501466 6.4088 6.4088 6.42387651755256 6.4088
30012014 6.5485 6.5485 6.5485 6.54923408397639 6.5520697550612 6.5485 6.560471301102 6.5485 6.5529039117923 6.54774271648141 6.5485 6.56513204727455 6.5485 6.5485 6.54027566949523 6.55054034954164 6.5485 6.51637251077907 6.5485 6.54811814893638 6.54860905533156 6.5485 6.56832207600731 6.5485
30122013 6.4238 6.4238 6.4238 6.42447037332646 6.42266699099016 6.4238 6.43040847048162 6.4238 6.42886349865499 6.4232170371051 6.4238 6.41649952228546 6.4238 6.4238 6.41725349946632 6.42279808150108 6.4238 6.39228429941858 6.4238 6.42331844972349 6.42374651401923 6.4238 6.44084908422732 6.4238
30112013 6.5443 6.5443 6.5443 6.54393285391755 6.54556009448495 6.5443 6.55716972038205 6.5443 6.55005290202829 6.54424603907531 6.5443 6.58082666109538 6.5443 6.5443 6.53918602981903 6.53919801855018 6.5443 6.50852191901861 6.5443 6.54386390228592 6.54435448974414 6.5443 6.56189304168824 6.5443
30102013 6.455 6.455 6.455 6.45541331841302 6.45634370438355 6.455 6.46188129340829 6.455 6.46072767284997 6.45505322504179 6.455 6.46577845098015 6.455 6.455 6.44845250034163 6.44796893231976 6.455 6.42175691235844 6.455 6.45451611086353 6.45494625424112 6.455 6.47184868311365 6.455
30092013 6.4106 6.4106 6.4106 6.41107755126483 6.41212869943081 6.4106 6.42340915780678 6.4106 6.41623537028293 6.41065286416998 6.4106 6.45472722164995 6.4106 6.4106 6.40251756060893 6.40254813123413 6.4106 6.37555620676248 6.4106 6.41017281175895 6.4106 6.4106 6.42465400092321 6.4106
30082013 6.6115 6.6115 6.6115 6.61209160669597 6.61693551471326 6.6115 6.64285150968838 6.6115 6.61725740723258 6.61144547958418 6.6115 6.64088750555559 6.6115 6.6115 6.60081009517433 6.59574372831615 6.6115 6.57454240900503 6.6115 6.61105942422618 6.61155504927087 6.6115 6.61900039856929 6.6115
30072013 6.5633 6.5633 6.5633 6.56251911943995 6.56115337627209 6.5633 6.59358169274854 6.5633 6.56906960437056 6.56308356444179 6.5633 6.59079599900265 6.5633 6.5633 6.55361834533835 6.54487886328961 6.5633 6.52728950609912 6.5633 6.56280799232078 6.5633 6.5633 6.57448828432684 6.5633
30062013 6.7105 6.7105 6.7105 6.70925516119508 6.712995928225 6.7105 6.73281686602775 6.7105 6.7166204951221 6.71055531536066 6.7105 6.75507586333281 6.7105 6.7105 6.70295363937539 6.69731060514039 6.7105 6.67323056094689 6.7105 6.70999695769942 6.71061173086726 6.7105 6.71977677139371 6.7105
30052013 6.5991 6.5991 6.5991 6.59655295036369 6.5971378503503 6.5991 6.61285560759752 6.5991 6.60506444346 6.59904560336971 6.5991 6.60829115939082 6.5991 6.5991 6.59306721952365 6.5926198386782 6.5991 6.56153542183152 6.5991 6.59849544265492 6.59931968806988 6.5991 6.60930688442142 6.5991
30042013 6.5346 6.5346 6.5346 6.53207784537991 6.5326570285189 6.5346 6.54475238373971 6.5346 6.54056006071453 6.5346 6.5346 6.53176293375529 6.5346 6.5346 6.52862618428259 6.52818317616441 6.5346 6.49886723235426 6.5346 6.53378383797979 6.53454562407162 6.5346 6.55323178635064 6.5346
30032013 6.525 6.525 6.525 6.52407643634061 6.52441634239883 6.525 6.53519059459922 6.525 6.53095130477188 6.52505378626456 6.525 6.52900571848882 6.525 6.525 6.51438728318449 6.51674220987057 6.525 6.48910873274885 6.525 6.52423932672061 6.52505429649636 6.525 6.53774471943641 6.525
30022013 6.4342 6.4342 6.4342 6.43448921003056 6.43006518313679 6.4342 6.4435848309713 6.4342 6.44001540242008 6.43409393097616 6.4342 6.46600785872831 6.4342 6.4342 6.42595614868711 6.42873105519433 6.4342 6.3955085941885 6.4342 6.43339637779352 6.4341464595234 6.4342 6.44522189492379 6.4342
30012013 6.3708 6.3708 6.3708 6.37051617846209 6.37136798467862 6.3708 6.38094888866598 6.3708 6.3766632203197 6.36985578119194 6.3708 6.36915740491233 6.3708 6.3708 6.36169993571008 6.36989678877529 6.3708 6.33035947803931 6.3708 6.37005730309144 6.37090602185109 6.3708 6.38230669433044 6.3708
30122012 6.5045 6.5045 6.5045 6.50421022207677 6.50507990461827 6.5045 6.5142884723411 6.5045 6.51145133286019 6.50412554329139 6.5045 6.50675420527046 6.5045 6.5045 6.49476558714409 6.50265971098633 6.5045 6.46655278839951 6.5045 6.50363348413033 6.5045 6.5045 6.5179514064865 6.5045
30112012 6.6706 6.6706 6.6706 6.67268526311791 6.66743416871436 6.6706 6.67859101827535 6.6706 6.67811329468849 6.67049032677017 6.6706 6.68082865335547 6.6706 6.6706 6.65874745178491 6.66495411430941 6.6706 6.63151777383343 6.6706 6.66971135663614 6.6706 6.6706 6.6805837035601 6.6706
30102012 6.6189 6.6189 6.6189 6.62136241077487 6.61899826376781 6.6189 6.63404608538703 6.6189 6.62646401102211 6.61835622361529 6.6189 6.64099141397168 6.6189 6.6189 6.60809789010735 6.60955781441621 6.6189 6.58249739074481 6.6189 6.61801824400188 6.61878985114083 6.6189 6.63377296973066 6.6189
30092012 6.535 6.535 6.535 6.53905858447078 6.53373461166574 6.535 6.55372891530369 6.535 6.54300567224148 6.5337672384879 6.535 6.51676957635299 6.535 6.535 6.52569728410029 6.52201333500905 6.535 6.50159620746022 6.535 6.53423816093781 6.53494561531255 6.535 6.55026713556929 6.535
30082012 6.6103 6.6103 6.6103 6.61396253108355 6.61514536238517 6.6103 6.63136509516888 6.6103 6.61964664741063 6.61019169213089 6.6103 6.60313187180866 6.6103 6.6103 6.60273877251892 6.59898089626755 6.6103 6.56743247327394 6.6103 6.60958438797678 6.61046502028457 6.6103 6.63390297289349 6.6103
30072012 6.8048 6.8048 6.8048 6.81054556392674 6.80358713115933 6.8048 6.83384009426985 6.8048 6.81453331526287 6.80463279973343 6.8048 6.79742095839577 6.8048 6.8048 6.79556174187263 6.78633602568819 6.8048 6.75438577516784 6.8048 6.80389347879315 6.8048 6.8048 6.83043445787739 6.8048
30062012 6.9681 6.9681 6.9681 6.97407316204513 6.9720333330265 6.9681 7.00392131495254 6.9681 6.97823835489601 6.96832830136425 6.9681 6.9681 6.9681 6.9681 6.95815527436554 6.94922527805317 6.9681 6.91556333436819 6.9681 6.9671717243091 6.9681 6.9681 6.99497478472471 6.9681
30052012 7.2363 7.2363 7.2363 7.24407202121496 7.2442630034089 7.2363 7.27964326361532 7.2363 7.24659115123031 7.23624072032141 7.2363 7.25114443591136 7.2363 7.2363 7.22285388063413 7.21671554857097 7.2363 7.18039274115631 7.2363 7.23533599526671 7.23617957663817 7.2363 7.26667270634651 7.2363
30042012 6.7493 6.7493 6.7493 6.75773510880149 6.7542225076157 6.7493 6.79941323867064 6.7493 6.75895393027035 6.74913416342006 6.7493 6.77121418772746 6.7493 6.7493 6.73427859478412 6.73679671833769 6.7493 6.69853055418482 6.7493 6.74851317821232 6.74924383189426 6.7493 6.76972370759133 6.7493
30032012 6.6229 6.6229 6.6229 6.63335948715832 6.63241315533072 6.6229 6.67331583379197 6.6229 6.63253610032014 6.62197881669939 6.6229 6.6540667933975 6.6229 6.6229 6.6070735932708 6.61720776598584 6.6229 6.57086659067657 6.6229 6.6221830239371 6.62273461975331 6.6229 6.64585766629218 6.6229
30022012 6.5527 6.5527 6.5527 6.56276743600564 6.55515830214118 6.5527 6.59884987653153 6.5527 6.56314683383873 6.55195055091374 6.5527 6.54605754659847 6.5527 6.5527 6.53697301107257 6.54893191125837 6.5527 6.49977519232922 6.5527 6.55215423724302 6.55259088744354 6.5527 6.5703757044039 6.5527
30012012 6.7522 6.7522 6.7522 6.76493570494632 6.76481285865165 6.7522 6.78664988845502 6.7522 6.76373847865283 6.75126368208766 6.7522 6.73895922047936 6.7522 6.7522 6.73542311216318 6.7522 6.7522 6.70086060359926 6.7522 6.75175004828859 6.75214377407034 6.7522 6.76877942268159 6.7522
30122011 6.8877 6.8877 6.8877 6.90361262276958 6.89562112471436 6.8877 6.92297379433531 6.8877 6.90042689978469 6.88758773196597 6.8877 6.89540083277379 6.8877 6.8877 6.86857552575337 6.8867083218751 6.8877 6.83410749216428 6.8877 6.88729836976851 6.88775735472298 6.8877 6.90888444462202 6.8877
30112011 6.8162 6.8162 6.8162 6.83245761117859 6.82334093010158 6.8162 6.85707784580055 6.8162 6.82890609378662 6.8162555492623 6.8162 6.7830132517995 6.8162 6.8162 6.79678512893464 6.80932138084106 6.8162 6.76270937416657 6.8162 6.81574578346978 6.81614324113893 6.8162 6.83837688723135 6.8162
30102011 6.4345 6.4345 6.4345 6.44984720212562 6.4412410455589 6.4345 6.46702281097425 6.4345 6.44644203007112 6.43444756186506 6.4345 6.39878388086777 6.4345 6.4345 6.41431280294284 6.41777944506026 6.4345 6.3831534942442 6.4345 6.43412479641615 6.43455358087098 6.4345 6.45161667578563 6.4345
30092011 6.8563 6.8563 6.8563 6.87527203919694 6.86810791533732 6.8563 6.8909549729215 6.8563 6.86908084428702 6.85657943952069 6.8563 6.82902850536468 6.8563 6.8563 6.8352104811634 6.82964151198121 6.8563 6.8005509803232 6.8563 6.85584311129425 6.85641416986558 6.8563 6.87516489493867 6.8563
30082011 6.3419 6.3419 6.3419 6.35935474273683 6.35901646401602 6.3419 6.35916534526199 6.3419 6.35346300449618 6.34184829628599 6.3419 6.31171878133546 6.3419 6.3419 6.32286087654745 6.31512589985388 6.3419 6.30044300942711 6.3419 6.34137179440101 6.3417415891282 6.3419 6.36099020347226 6.3419
30072011 6.3597 6.3597 6.3597 6.37581230250792 6.37181109601535 6.3597 6.38802678683925 6.3597 6.37134740251633 6.36042639010093 6.3597 6.31889693874959 6.3597 6.3597 6.341064337292 6.32813594021771 6.3597 6.32871825721802 6.3597 6.35932915809586 6.35980591115402 6.3597 6.37739203249611 6.3597
30062011 6.3474 6.3474 6.3474 6.36482033189575 6.36943751661585 6.3474 6.36707770744003 6.3474 6.3582986457753 6.3474 6.3474 6.30667585405273 6.3474 6.3474 6.32881671756769 6.31310934443687 6.3474 6.32153449829377 6.3474 6.34692417693187 6.3474 6.3474 6.36507625693109 6.3474
30052011 6.1823 6.1823 6.1823 6.19925025403084 6.20532555565899 6.1823 6.20262180039221 6.1823 6.19291516491423 6.18285548772135 6.1823 6.13063013060178 6.1823 6.1823 6.16596495374838 6.15334123390605 6.1823 6.15777426000558 6.1823 6.18183655339917 6.18235147048421 6.1823 6.20719633661401 6.1823
30042011 5.9987 5.9987 5.9987 6.01306956486289 6.01993446297932 5.9987 6.02478090626803 5.9987 6.00846005111179 5.9987 5.9987 5.93593547671379 5.9987 5.9987 5.98543070081355 5.97664994914976 5.9987 5.97605350510767 5.9987 5.99820037892009 5.99889972033358 5.9987 6.02758193384093 5.9987
30032011 6.2877 6.2877 6.2877 6.30050826155895 6.31167551737703 6.2877 6.29549656866129 6.2877 6.29793026211939 6.28883179775493 6.2877 6.21189319580334 6.2877 6.2877 6.2769629919814 6.27374883429085 6.2877 6.26651181763705 6.2877 6.28696699074654 6.28780463891397 6.2877 6.31759411474913 6.2877
30022011 6.321 6.321 6.321 6.33387609480639 6.34510249301656 6.321 6.34570100978536 6.321 6.33014500420703 6.32219214813895 6.321 6.26746024818628 6.321 6.321 6.31253230372938 6.30974254937046 6.321 6.29862375487989 6.321 6.32015792961608 6.32105258844822 6.321 6.34754732119912 6.321
30012011 6.476 6.476 6.476 6.48845740128038 6.49631783379063 6.476 6.50143251719135 6.476 6.48414633511448 6.47674477762225 6.476 6.42114737656294 6.476 6.476 6.46825345635189 6.47021526120776 6.476 6.45812038089301 6.476 6.47508341047383 6.4760538726141 6.476 6.50730451626215 6.476
30122010 6.7097 6.7097 6.7097 6.71992683071009 6.72309009750646 6.7097 6.73595999412413 6.7097 6.71736777633067 6.71041748816034 6.7097 6.64069429068727 6.7097 6.7097 6.70367957433637 6.70670124964922 6.7097 6.69160047575205 6.7097 6.70869452506871 6.70975581114863 6.7097 6.73946172766825 6.7097
30112010 7.0561 7.0561 7.0561 7.06685480873563 7.07018138471397 7.0561 7.08922861423595 7.0561 7.06340832745431 7.057029994591 7.0561 7.00483655425524 7.0561 7.0561 7.04923832260917 7.05189367671194 7.0561 7.0373851784327 7.0561 7.05498393245308 7.0561 7.0561 7.08696009962661 7.0561
30102010 6.7554 6.7554 6.7554 6.76333733908427 6.76393655173041 6.7554 6.76353167669935 6.7554 6.76150571158942 6.75662658241557 6.7554 6.70653976164247 6.7554 6.7554 6.74882483495626 6.75035977693629 6.7554 6.73903686296424 6.7554 6.75433149435149 6.7554 6.7554 6.78500714600345 6.7554
30092010 6.6985 6.6985 6.6985 6.70339427377723 6.70026351423621 6.6985 6.71424897342935 6.6985 6.70333715451377 6.69977438027739 6.6985 6.64283371325967 6.6985 6.6985 6.6919743538295 6.69048740673272 6.6985 6.68309730366789 6.6985 6.69744049425844 6.6985 6.6985 6.73267757576061 6.6985
30082010 7.4046 7.4046 7.4046 7.41001018729728 7.40654940919809 7.4046 7.43758834033666 7.4046 7.40853758306077 7.40478396750405 7.4046 7.31945113319008 7.4046 7.4046 7.39704010783603 7.3971743759448 7.4046 7.39262733847438 7.4046 7.40342881000015 7.40453840919956 7.4046 7.45071828776863 7.4046
30072010 7.2408 7.2408 7.2408 7.24641262834208 7.24595049392076 7.2408 7.25305943970909 7.2408 7.24447048919216 7.24218111643229 7.2408 7.16750742607903 7.2408 7.2408 7.23449858820458 7.22961990166238 7.2408 7.22977014578197 7.2408 7.23971493764513 7.2408 7.2408 7.28856656929381 7.2408
30062010 7.7629 7.7629 7.7629 7.77037194148939 7.77107403075477 7.7629 7.76350668009431 7.7629 7.76535398057739 7.76296444941661 7.7629 7.68316718636721 7.7629 7.7629 7.74998560858586 7.75185897335477 7.7629 7.75184882108232 7.7629 7.76173669890694 7.76302913738221 7.7629 7.81279580678904 7.7629
30052010 7.8191 7.8191 7.8191 7.82662603507706 7.82733320716158 7.8191 7.81971107219279 7.8191 7.82150681033914 7.81916492247022 7.8191 7.77503831744509 7.8191 7.8191 7.80471285050534 7.80808761435265 7.8191 7.80846301906472 7.8191 7.81779822649082 7.8191 7.8191 7.8520271038546 7.8191
30042010 7.2262 7.2262 7.2262 7.23322620320926 7.23404959482218 7.2262 7.24805061481917 7.2262 7.22836429123649 7.22626000556365 7.2262 7.19837953432182 7.2262 7.2262 7.21243958257896 7.21698445473081 7.2262 7.21752640286241 7.2262 7.22499693625455 7.22595956345654 7.2262 7.24956094760591 7.2262
30032010 7.2064 7.2064 7.2064 7.21365024124327 7.21503508877732 7.2064 7.20664721545332 7.2064 7.20849850244263 7.2064 7.2064 7.22106618811839 7.2064 7.2064 7.1936689634295 7.20141309007914 7.2064 7.19373696538793 7.2064 7.2054399784821 7.20622010309788 7.2064 7.21630769611712 7.2064
30022010 7.1673 7.1673 7.1673 7.17111210827193 7.17121818189571 7.1673 7.17167524979701 7.1673 7.16938711652934 7.1673 7.1673 7.16524025144269 7.1673 7.1673 7.15183053941716 7.15985242181142 7.1673 7.15586615671601 7.1673 7.16652408876238 7.16718068916686 7.1673 7.17284164314205 7.1673
30012010 7.3312 7.3312 7.3312 7.3366777239225 7.33735063485415 7.3312 7.31472713980772 7.3312 7.3333348441812 7.3312 7.3312 7.36437088671198 7.3312 7.3312 7.31481232910882 7.3297628456291 7.3312 7.31062434065375 7.3312 7.33052837344361 7.33126102341073 7.3312 7.31879746205112 7.3312
30122009 7.1165 7.1165 7.1165 7.1124819909274 7.12270619932771 7.1165 7.11979744983284 7.1165 7.11857232357807 7.1165 7.1165 7.19270168432681 7.1165 7.1165 7.10570273187967 7.10294400352613 7.1165 7.08686393329666 7.1165 7.11578881218738 7.1165 7.1165 7.08566851341753 7.1165
30112009 6.9582 6.9582 6.9582 6.95427136784529 6.96426814812929 6.9582 6.95696884235082 6.9582 6.96022622664525 6.9582 6.9582 7.04608996915546 6.9582 6.9582 6.95929913040837 6.94239501016128 6.9582 6.92758291604928 6.9582 6.95750463190645 6.9582 6.9582 6.91562501059988 6.9582
30102009 7.0166 7.0166 7.0166 7.00745223435832 7.02262298655467 7.0166 7.01468773727185 7.0166 7.01864323271522 7.01654173541533 7.0166 7.15195326617209 7.0166 7.0166 7.02416857229795 6.99882844475958 7.0166 6.97878771954796 7.0166 7.01589879569929 7.01677518069712 7.0166 6.97998289828926 7.0166
30092009 6.9876 6.9876 6.9876 6.98266029878534 6.99328756694487 6.9876 6.98031398385828 6.9876 6.98969282907256 6.98736796559492 6.9876 7.12237887209696 6.9876 6.9876 6.99628645354897 6.96775457654316 6.9876 6.94405447129182 6.9876 6.98672725893973 6.9876581401251 6.9876 6.9217742673509 6.9876
30082009 7.1602 7.1602 7.1602 7.15513828372586 7.16602805496003 7.1602 7.15278448198914 7.1602 7.16258236880533 7.16008115160178 7.1602 7.28508252076901 7.1602 7.1602 7.17284664473888 7.13674090658078 7.1602 7.11403888278805 7.1602 7.15924613314935 7.1602 7.1602 7.07726148413905 7.1602
30072009 7.3107 7.3107 7.3107 7.30684335503664 7.31549143898635 7.3107 7.32064725862845 7.3107 7.31325383259251 7.30930637136244 7.3107 7.43820742222089 7.3107 7.3107 7.31946729152148 7.27947985185536 7.3107 7.25855257841047 7.3107 7.3097260838545 7.31100405633656 7.3107 7.22203340946799 7.3107
30062009 7.65 7.65 7.65 7.64596436265067 7.6550138164944 7.65 7.6690531552398 7.65 7.6541314561021 7.65 7.65 7.80736933693758 7.65 7.65 7.65821764336527 7.64135998981516 7.65 7.59500993551668 7.65 7.64866277061092 7.64980912459157 7.65 7.55877021564101 7.65
30052009 7.5669 7.5669 7.5669 7.56642749693393 7.54063302106784 7.5669 7.57883654245857 7.5669 7.57098657714757 7.56533584681701 7.5669 7.71165349649041 7.5669 7.5669 7.57156194078305 7.58652292709591 7.5669 7.51577341545671 7.5669 7.56576607027772 7.56671114147589 7.5669 7.48282087891297 7.5669
30042009 8.0539 8.0539 8.0539 8.05535032998553 8.02602396870923 8.0539 8.070650998364 8.0539 8.05991565058457 8.05217296295429 8.0539 8.19401800394919 8.0539 8.0539 8.05648345144304 8.09177907240093 8.0539 7.99352885605139 8.0539 8.05289407962315 8.05410101833397 8.0539 7.96262370817484 8.0539
30032009 8.2206 8.2206 8.2206 8.22668932514915 8.20230515355795 8.2206 8.25996981734937 8.2206 8.2285046411728 8.21816678745487 8.2206 8.35056586456832 8.2206 8.2206 8.21902205815887 8.26452315682537 8.2206 8.15699397895995 8.2206 8.219368110762 8.22087347760636 8.2206 8.13480933904129 8.2206
30022009 9.0576 9.0576 9.0576 9.06718235465872 9.03948695106676 9.0576 9.09983165678762 9.0576 9.06899379940286 9.05337489544098 9.0576 9.19244562389315 9.0576 9.0576 9.0576 9.11933581583367 9.0576 8.98285606598909 9.0576 9.0559414158159 9.05707263099291 9.0576 8.97811572629432 9.0576
30012009 8.2779 8.2779 8.2779 8.28412818693788 8.26378377397966 8.2779 8.33159477787467 8.2779 8.29218105282276 8.27520290939867 8.2779 8.40113778815858 8.2779 8.2779 8.27733482057421 8.33345619274452 8.2779 8.21282672170238 8.2779 8.27686610234948 8.2779688760292 8.2779 8.2219669384805 8.2779
30122008 7.8106 7.8106 7.8106 7.82649213618832 7.82095446094881 7.8106 7.84114297785356 7.8106 7.82662492270946 7.80102369103561 7.8106 7.87837492340442 7.8106 7.8106 7.80370971112124 7.83571522561757 7.8106 7.76291236283057 7.8106 7.80955948822328 7.8120930694633 7.8106 7.77385076575701 7.8106
30112008 8.0975 8.0975 8.0975 8.12391203781609 8.12477345148859 8.0975 8.13350419330386 8.0975 8.12407420124453 8.0917525005628 8.0975 8.16776444092224 8.0975 8.0975 8.07295695184419 8.08673628637666 8.0975 8.04967684966725 8.0975 8.09487385692815 8.10138830163984 8.0975 8.06957428159841 8.0975
30102008 7.7651 7.7651 7.7651 7.79284095628295 7.79481415887822 7.7651 7.81602027350203 7.7651 7.79611691975209 7.76405224855333 7.7651 7.77976985240496 7.7651 7.7651 7.73387121189786 7.73320890022119 7.7651 7.72614480584316 7.7651 7.75885596962554 7.77046293314182 7.7651 7.73562794567057 7.7651
30092008 6.8477 6.8477 6.8477 6.8721635286524 6.87390360919375 6.8477 6.91752619878753 6.8477 6.87598023845521 6.84976785669341 6.8477 6.85506084514571 6.8477 6.8477 6.81783372591183 6.80856394684738 6.8477 6.81770280206931 6.8477 6.83747139396272 6.8487640338694 6.8477 6.83913452937486 6.8477
30082008 6.4052 6.4052 6.4052 6.42797533191326 6.43394029553912 6.4052 6.47897555084222 6.4052 6.42971112959932 6.40535298009395 6.4052 6.40337229099278 6.4052 6.4052 6.37649809679286 6.3618382623073 6.4052 6.37272926521126 6.4052 6.394638734234 6.40525232771407 6.4052 6.40426046922019 6.4052
30072008 6.063 6.063 6.063 6.08455855201868 6.09020483542336 6.063 6.12384589032681 6.063 6.08605625637027 6.06377304617805 6.063 6.06910098639456 6.063 6.063 6.03820082574073 6.02175776863539 6.063 6.03312633924928 6.063 6.05295352345586 6.06295046831659 6.063 6.06464392460662 6.063
30062008 6.0075 6.0075 6.0075 6.02869922329424 6.02812101690364 6.0075 6.08076262286615 6.0075 6.02957641747313 6.00769166653606 6.0075 6.00836395361768 6.0075 6.0075 5.98723039489855 5.97768395692531 6.0075 5.97684296214004 6.0075 5.99759448509192 6.00740182941246 6.0075 6.00717251253615 6.0075
30052008 6.015 6.015 6.015 6.03183618713415 6.03468011519755 6.015 6.0982586351283 6.015 6.03691137365117 6.01461628016384 6.015 6.01240788049367 6.015 6.015 5.99537270985065 5.98655073732504 6.015 5.98342185509502 6.015 6.00518025133607 6.01647256941649 6.015 6.01602944530076 6.015
30042008 6.0216 6.0216 6.0216 6.0383186397298 6.04131823148288 6.0216 6.10312265163337 6.0216 6.04392098087222 6.02140803672242 6.0216 6.0151617640603 6.0216 6.0216 6.00224151340448 5.99789666676853 6.0216 5.98767655569974 6.0216 6.01029805824451 6.02321663693662 6.0216 6.02936688141074 6.0216
30032008 5.943 5.943 5.943 5.95807424604458 5.96291553625097 5.943 6.02472627564162 5.943 5.9652197908307 5.94390065230335 5.943 5.93150802758692 5.943 5.943 5.92372010163479 5.92513561266702 5.943 5.91015027166971 5.943 5.93025346973304 5.94478287059111 5.943 5.95423011205207 5.943
30022008 6.1942 6.1942 6.1942 6.21040260899733 6.21046194938986 6.1942 6.27830427328526 6.1942 6.21641689351671 6.19484325258798 6.1942 6.18081796308392 6.1942 6.1942 6.1723068281229 6.18065317330365 6.1942 6.16503951716415 6.1942 6.17906100892931 6.19899152516095 6.1942 6.20590478883946 6.1942
30012008 6.3702 6.3702 6.3702 6.38823662638053 6.39329229061555 6.3702 6.46055509331047 6.3702 6.39238432361251 6.36989459931565 6.3702 6.36564885421072 6.3702 6.3702 6.34892771986923 6.36146766972246 6.3702 6.34008232132494 6.3702 6.34971902757352 6.37173015886707 6.3702 6.37837456910702 6.3702
30122007 6.4136 6.4136 6.4136 6.43076794828789 6.43660321429315 6.4136 6.51548383316586 6.4136 6.43624403178128 6.41411260004381 6.4136 6.39594672027177 6.4136 6.4136 6.39083669852079 6.40216823564982 6.4136 6.38145262420289 6.4136 6.39144422940953 6.41488041074818 6.4136 6.42485911385118 6.4136
30112007 6.3488 6.3488 6.3488 6.36304581903273 6.3635701684641 6.3488 6.44485832820363 6.3488 6.37070607533361 6.35001986795904 6.3488 6.33718233564815 6.3488 6.3488 6.33063411384133 6.33740876742037 6.3488 6.3164384013282 6.3488 6.32560523742367 6.35016548091179 6.3488 6.35816858614617 6.3488
30102007 6.3813 6.3813 6.3813 6.39282215887969 6.39584013297986 6.3813 6.46202056268678 6.3813 6.40208810741765 6.38160694822751 6.3813 6.37055631432552 6.3813 6.3813 6.36662481886956 6.36539285633989 6.3813 6.34681710854257 6.3813 6.35661933896182 6.38221298398404 6.3813 6.39023978135057 6.3813
30092007 6.4988 6.4988 6.4988 6.50830879485532 6.50999425843219 6.4988 6.57433162314656 6.4988 6.51965727911867 6.50020905654759 6.4988 6.47748273330348 6.4988 6.4988 6.48838892739375 6.47616948865428 6.4988 6.46387530978478 6.4988 6.47273882330662 6.49921271395626 6.4988 6.50790439111797 6.4988
30082007 6.8341 6.8341 6.8341 6.84467218350718 6.85191097088355 6.8341 6.896844442587 6.8341 6.85454720357711 6.8341 6.8341 6.80005455022879 6.8341 6.8341 6.82077941865764 6.80074898499917 6.8341 6.80020770631707 6.8341 6.80626197960405 6.83540012421709 6.8341 6.84175372759104 6.8341
30072007 6.7046 6.7046 6.7046 6.71497185021323 6.72207346913066 6.7046 6.77005755837433 6.7046 6.72465974760438 6.70513932353433 6.7046 6.67605313872937 6.7046 6.7046 6.68964183352155 6.66903883318351 6.7046 6.67135182234914 6.7046 6.67601943400205 6.70454691801289 6.7046 6.71210869639117 6.7046
30062007 6.8512 6.8512 6.8512 6.86059384040162 6.86331156237464 6.8512 6.93497277430216 6.8512 6.87114564511424 6.85202768966373 6.8512 6.82768828854228 6.8512 6.8512 6.83588914369854 6.81480029490014 6.8512 6.81659163674144 6.8512 6.82204851506819 6.8512 6.8512 6.86046670186208 6.8512
30052007 6.9089 6.9089 6.9089 6.91989451187871 6.92383204382443 6.9089 6.99114220584526 6.9089 6.92817663582144 6.9089 6.9089 6.88394228518952 6.9089 6.9089 6.8943388491204 6.88176705199634 6.9089 6.87289744069582 6.9089 6.87950300469328 6.9089 6.9089 6.91966723444304 6.9089
30042007 6.7272 6.7272 6.7272 6.73785661962432 6.73616665756167 6.7272 6.81062938865824 6.7272 6.74596967165511 6.7272 6.7272 6.68805381888393 6.7272 6.7272 6.71149289761171 6.71302833965305 6.7272 6.69429640536579 6.7272 6.69857612835221 6.72725326133862 6.7272 6.73995353146922 6.7272
30032007 7.0177 7.0177 7.0177 7.02916231415005 7.02614846036952 7.0177 7.11163256570487 7.0177 7.03728020049561 7.01843575341 7.0177 6.9842932206651 7.0177 7.0177 7.00369394608738 7.01967765298726 7.0177 6.98610122572129 7.0177 6.98778474211678 7.0177 7.0177 7.03744099732678 7.0177
30022007 7.0216 7.0216 7.0216 7.03285360190676 7.02503270833219 7.0216 7.11008010292798 7.0216 7.04045294306385 7.0222803547101 7.0216 7.00129756320241 7.0216 7.0216 7.01004226439229 7.02855455826863 7.0216 6.9904850817711 7.0216 6.99166811708212 7.02154440824498 7.0216 7.03653570586679 7.0216
30012007 6.9878 6.9878 6.9878 6.99721426349576 6.9949307013095 6.9878 7.07284241582328 6.9878 7.00588335846534 6.98847786785503 6.9878 6.94640527545331 6.9878 6.9878 6.97322509859928 6.99374960814692 6.9878 6.95794699097249 6.9878 6.95806728946658 6.98774467059131 6.9878 7.00513707177907 6.9878
30122006 6.8644 6.8644 6.8644 6.87364801372969 6.87140477776538 6.8644 6.95348440559533 6.8644 6.88149646249221 6.86517786729293 6.8644 6.83936630852841 6.8644 6.8644 6.8535499892505 6.87025451134949 6.8644 6.83601685863961 6.8644 6.83524647127278 6.8644543527577 6.8644 6.88560759861879 6.8644
30112006 6.8683 6.8683 6.8683 6.87570969723874 6.87531773583084 6.8683 6.9469498791414 6.8683 6.88462601653938 6.86941373658596 6.8683 6.85989568966219 6.8683 6.8683 6.86093126889926 6.86634516817333 6.8683 6.84133012436058 6.8683 6.83907575549434 6.8683 6.8683 6.89558383811582 6.8683
30102006 7.2558 7.2558 7.2558 7.26469179837878 7.26911719046379 7.2558 7.36333986393383 7.2558 7.27186793026575 7.25603557410078 7.2558 7.24246159473427 7.2558 7.2558 7.24336460293091 7.23720297513505 7.2558 7.2297843197365 7.2558 7.22492696398175 7.2558 7.2558 7.2886797848226 7.2558
30092006 7.3299 7.3299 7.3299 7.33950443706313 7.34502152689842 7.3299 7.43827209340547 7.3299 7.34589352515136 7.33132994602496 7.3299 7.3089335268214 7.3299 7.3299 7.30733826079252 7.29861408318228 7.3299 7.30176824788668 7.3299 7.29871167249508 7.3299 7.3299 7.35812880976201 7.3299
30082006 7.2109 7.2109 7.2109 7.22108524689601 7.23049767918618 7.2109 7.31184556749226 7.2109 7.22522434680962 7.21095867982802 7.2109 7.21365572765217 7.2109 7.2109 7.1865591579998 7.18006936601238 7.2109 7.18230105111863 7.2109 7.18021801104991 7.21084290408525 7.2109 7.23946423990399 7.2109
30072006 7.2319 7.2319 7.2319 7.24091729041603 7.24400722929456 7.2319 7.31787053430877 7.2319 7.24620709585576 7.23254776385678 7.2319 7.22139749257819 7.2319 7.2319 7.20687254708267 7.19563682274828 7.2319 7.20325065940537 7.2319 7.20118567618402 7.23046681040009 7.2319 7.25871878560608 7.2319
30062006 7.267 7.267 7.267 7.27645328958454 7.28006093079575 7.267 7.36389073306488 7.267 7.28072439821727 7.26794804493966 7.267 7.23409066373606 7.267 7.267 7.24234226451499 7.23787237995953 7.267 7.23905351745355 7.267 7.23757091776673 7.26671153654771 7.267 7.29281427022545 7.267
30052006 7.2083 7.2083 7.2083 7.21713151052784 7.21648788595388 7.2083 7.3084406859001 7.2083 7.22097149775446 7.20824118674141 7.2083 7.17755430265571 7.2083 7.2083 7.18743452742797 7.19488907378451 7.2083 7.17960138646618 7.2083 7.17939362036701 7.20744081537833 7.2083 7.23613686855878 7.2083
30042006 7.4156 7.4156 7.4156 7.4225354945687 7.42016752684114 7.4156 7.5029751917941 7.4156 7.42869652270265 7.4156605051342 7.4156 7.40985899745698 7.4156 7.4156 7.39559482176596 7.40919342017253 7.4156 7.3873461921753 7.4156 7.38674276972179 7.41441952876685 7.4156 7.43771491024584 7.4156
30032006 7.7921 7.7921 7.7921 7.7960318263152 7.79644948762448 7.7921 7.87097690956202 7.7921 7.80579776197613 7.79343666742125 7.7921 7.78606751902536 7.7921 7.7921 7.76922679401674 7.77740097187056 7.7921 7.7623720791179 7.7921 7.76301342439981 7.79147888288124 7.7921 7.81308049324441 7.7921
30022006 7.9571 7.9571 7.9571 7.96113387278341 7.95796630793641 7.9571 8.02096343943771 7.9571 7.96972067938446 7.95820702067784 7.9571 7.92496381543585 7.9571 7.9571 7.93072232775737 7.93740815644497 7.9571 7.92629262206091 7.9571 7.92802945985129 7.95582968878544 7.9571 7.97742137537726 7.9571
30012006 7.6335 7.6335 7.6335 7.63894146418806 7.63975847972935 7.6335 7.69354503869606 7.6335 7.64454388381812 7.63418810571408 7.6335 7.61727489607008 7.6335 7.6335 7.61202221789269 7.61896091114521 7.6335 7.608457043206 7.6335 7.60682609471669 7.6327066014577 7.6335 7.65129002807083 7.6335
30122005 7.9584 7.9584 7.9584 7.96382733323031 7.9649272789165 7.9584 8.00447278081531 7.9584 7.96919557162097 7.95853051371449 7.9584 7.94148431687746 7.9584 7.9584 7.93551106897779 7.93629445108283 7.9584 7.9334103145063 7.9584 7.93141515234342 7.95738054165678 7.9584 7.97643735421997 7.9584
30112005 8.0952 8.0952 8.0952 8.09851076077526 8.10571427379787 8.0952 8.15013650180414 8.0952 8.1060482057857 8.0952 8.0952 8.08697339098831 8.0952 8.0952 8.06666642965676 8.06340419608636 8.0952 8.06846746089867 8.0952 8.06878489788579 8.09377157607869 8.0952 8.1081549133815 8.0952
30102005 7.9315 7.9315 7.9315 7.93548767883903 7.94132628981908 7.9315 7.96772572068888 7.9315 7.94212883488849 7.9315 7.9315 7.92404199942834 7.9315 7.9315 7.90168059623098 7.89558511831932 7.9315 7.90631353696441 7.9315 7.90701427832819 7.9304802646487 7.9315 7.94449725356294 7.9315
30092005 7.7455 7.7455 7.7455 7.74942219659351 7.74863188124623 7.7455 7.78462472593608 7.7455 7.75587958023435 7.7455 7.7455 7.75161475290367 7.7455 7.7455 7.72191550221426 7.71464683225394 7.7455 7.72108588421636 7.7455 7.72258136317347 7.74475211211697 7.7455 7.76549454436514 7.7455
30082005 7.6571 7.6571 7.6571 7.65912860963669 7.66391126597592 7.6571 7.70677282878632 7.6571 7.6673611172697 7.6571 7.6571 7.62306439511463 7.6571 7.6571 7.63713945409366 7.62528848434091 7.6571 7.63380512578342 7.6571 7.63518017102708 7.65561879225945 7.6571 7.67614268164828 7.6571
30072005 7.7771 7.7771 7.7771 7.78060628380256 7.78181153194279 7.7771 7.83575397436728 7.7771 7.78752192672398 7.77525334942337 7.7771 7.75631855175216 7.7771 7.7771 7.7608557710769 7.7481553971638 7.7771 7.75418814710178 7.7771 7.75633705379022 7.77571786184454 7.7771 7.80217662878642 7.7771
30062005 7.7952 7.7952 7.7952 7.7956837082534 7.79943879617545 7.7952 7.82509715085412 7.7952 7.80750005113348 7.79399011364965 7.7952 7.79396276448849 7.7952 7.7952 7.77713483957659 7.7720132020868 7.7952 7.77487385116667 7.7952 7.77577063313905 7.79494778120793 7.7952 7.8125036019612 7.7952
30052005 7.4291 7.4291 7.4291 7.4308890819617 7.42553343133916 7.4291 7.45140927457206 7.4291 7.44197744468464 7.4291 7.4291 7.43502673021269 7.4291 7.4291 7.40795303748064 7.40590928414211 7.4291 7.40403725609393 7.4291 7.41082291146556 7.42783659322609 7.4291 7.44794791258613 7.4291
30042005 7.0854 7.0854 7.0854 7.08628124141737 7.08375035246668 7.0854 7.10617536269203 7.0854 7.0976816823799 7.0854 7.0854 7.06238982547273 7.0854 7.0854 7.0667295030376 7.06421104936416 7.0854 7.057396444205 7.0854 7.06917067949286 7.08448026591948 7.0854 7.10786967087842 7.0854
30032005 7.0526 7.0526 7.0526 7.05662228008381 7.05689101158177 7.0526 7.07723955196683 7.0526 7.0648248275542 7.0526 7.0526 7.03750981420426 7.0526 7.0526 7.03494913027821 7.03774999576922 7.0526 7.02273018966968 7.0526 7.03735930693861 7.05185511488296 7.0526 7.07266954889592 7.0526
30022005 6.8323 6.8323 6.8323 6.83208632034654 6.82984527412192 6.8323 6.85721130295671 6.8323 6.84414296419739 6.83224423818516 6.8323 6.83338046209156 6.8323 6.8323 6.81561941193364 6.82508039763935 6.8323 6.80136472382537 6.8323 6.81825551000344 6.83107675878367 6.8323 6.85424612146663 6.8323
30012005 6.9856 6.9856 6.9856 6.98723264649229 6.98766701967543 6.9856 7.0119916749908 6.9856 6.99776580343637 6.98554299261044 6.9856 6.99850513058013 6.9856 6.9856 6.96688816278769 6.98243551339432 6.9856 6.95394254612747 6.9856 6.97248872652997 6.98491664457846 6.9856 7.01051140289236 6.9856
30122004 6.6146 6.6146 6.6146 6.61676563032367 6.611825611998 6.6146 6.64081058461684 6.6146 6.62617376091947 6.6146 6.6146 6.60100301457324 6.6146 6.6146 6.5954092183468 6.60361966569313 6.6146 6.58683879059725 6.6146 6.60283096811221 6.6133577247147 6.6146 6.63529739606778 6.6146
30112004 6.7121 6.7121 6.7121 6.7163220073432 6.71855866750427 6.7121 6.72911239934724 6.7121 6.72384435954821 6.71204522992558 6.7121 6.68038582988844 6.7121 6.7121 6.69418657953253 6.69484099625487 6.7121 6.68748152293361 6.7121 6.70141607121032 6.71116640981564 6.7121 6.74048342830922 6.7121
30102004 7.1076 7.1076 7.1076 7.11080683463998 7.11102372833837 7.1076 7.12593462829146 7.1076 7.12009447684469 7.1076 7.1076 7.07567823884877 7.1076 7.1076 7.09238644878017 7.0913982497368 7.1076 7.08413287140177 7.1076 7.09727370164301 7.10672632585401 7.1076 7.13450456744822 7.1076
30092004 7.3002 7.3002 7.3002 7.30346021294376 7.30408533733558 7.3002 7.30930640578453 7.3002 7.31303304911104 7.3002 7.3002 7.27653724087529 7.3002 7.3002 7.28453107208474 7.27903140685634 7.3002 7.28139143861595 7.3002 7.29049003733912 7.29912144464814 7.3002 7.33107971568758 7.3002
30082004 7.5355 7.5355 7.5355 7.5393940532126 7.53773684000766 7.5355 7.54997861259301 7.5355 7.54874668386842 7.5355 7.5355 7.53186404298602 7.5355 7.5355 7.51698392423668 7.50668232486475 7.5355 7.51310279359788 7.5355 7.5265890686954 7.53444671191739 7.5355 7.56531820497293 7.5355
30072004 7.6715 7.6715 7.6715 7.67425632507298 7.67281595866296 7.6715 7.67681886871719 7.6715 7.68498575878131 7.6715 7.6715 7.64542245985504 7.6715 7.6715 7.6508941130795 7.6339149987124 7.6715 7.64395012696259 7.6715 7.66349942447239 7.67004641142891 7.6715 7.70669587210243 7.6715
30062004 7.5237 7.5237 7.5237 7.52727203012434 7.53178643579174 7.5237 7.54649656626384 7.5237 7.53692594060392 7.52376139315139 7.5237 7.48073159401073 7.5237 7.5237 7.50517878402423 7.49254440136036 7.5237 7.49356143930898 7.5237 7.51727793119852 7.52351379975858 7.5237 7.56213679869065 7.5237
30052004 7.4515 7.4515 7.4515 7.45280458940627 7.45376868686689 7.4515 7.47105181085101 7.4515 7.46453810955938 7.45143919649446 7.4515 7.42847979469213 7.4515 7.4515 7.43726149264579 7.43123440040157 7.4515 7.42407668463324 7.4515 7.44532382011756 7.4515 7.4515 7.4808656985232 7.4515
30042004 7.6574 7.6574 7.6574 7.65646917870924 7.66054853160227 7.6574 7.67138048331152 7.6574 7.67086097233814 7.65453287217792 7.6574 7.64125735163199 7.6574 7.6574 7.64641913049653 7.64175649988269 7.6574 7.62917692361652 7.6574 7.65105315978907 7.6574 7.6574 7.67872323767279 7.6574
30032004 7.5737 7.5737 7.5737 7.57121046688356 7.57648855043963 7.5737 7.59956037829855 7.5737 7.58985567327863 7.5732080415472 7.5737 7.53564916201388 7.5737 7.5737 7.5632920426565 7.56229453056704 7.5737 7.5478090655938 7.5737 7.5674225345802 7.57376248643837 7.5737 7.59051153263386 7.5737
30022004 7.434 7.434 7.434 7.43844834007188 7.43935349500578 7.434 7.44746614889117 7.434 7.45034162083129 7.4326138855335 7.434 7.39665102531275 7.434 7.434 7.42216984370738 7.42581950341663 7.434 7.41017475364682 7.434 7.427777042494 7.43393866665562 7.434 7.44852071950415 7.434
30012004 7.4241 7.4241 7.4241 7.43196588585045 7.42818366696905 7.4241 7.4401541651688 7.4241 7.44180742859123 7.42403987925801 7.4241 7.43812233186264 7.4241 7.4241 7.41274705950412 7.42102647331319 7.4241 7.3971892674793 7.4241 7.41794653062267 7.42397747897872 7.4241 7.43832985090029 7.4241
30122003 7.1892 7.1892 7.1892 7.19699238115846 7.18832233171829 7.1892 7.21063681755334 7.1892 7.2064055198711 7.18925821898122 7.1892 7.16912632809776 7.1892 7.1892 7.17872748445124 7.18225724812654 7.1892 7.159553788652 7.1892 7.18335977566687 7.18931864638985 7.1892 7.19875319333395 7.1892
30112003 7.5434 7.5434 7.5434 7.55132594026961 7.54374481750033 7.5434 7.58011107113031 7.5434 7.56139197435852 7.5434 7.5434 7.53671275401191 7.5434 7.5434 7.53085860568883 7.53509226134273 7.5434 7.50599478824991 7.5434 7.53714764875191 7.54346223644972 7.5434 7.54743165370819 7.5434
30102003 7.7847 7.7847 7.7847 7.79457139215204 7.77960874289544 7.7847 7.81560464221439 7.7847 7.80326750573863 7.78463695910074 7.7847 7.77779884086175 7.7847 7.7847 7.7701349391156 7.7782796161232 7.7847 7.73871354698695 7.7847 7.77818347359471 7.7847 7.7847 7.78094319716401 7.7847
30092003 7.6918 7.6918 7.6918 7.70186539482349 7.68391499375942 7.6918 7.72612566176719 7.6918 7.71020836501203 7.69186228909472 7.6918 7.67185922370939 7.6918 7.6918 7.67844059755109 7.6822429472075 7.6918 7.64208142414027 7.6918 7.68536123963618 7.69192690331084 7.6918 7.68545032039541 7.6918
30082003 8.447 8.447 8.447 8.4585112803417 8.45102612525415 8.447 8.48223397083266 8.447 8.46714717599576 8.44672642624308 8.447 8.43219314712076 8.447 8.447 8.43227984882842 8.42941285256715 8.447 8.39225446651476 8.447 8.43978982213989 8.44686063930662 8.447 8.43719228465606 8.447
30072003 8.118 8.118 8.118 8.1290270690709 8.1307389108228 8.118 8.15110780308036 8.118 8.13762602292614 8.11616260497311 8.118 8.10037512839518 8.118 8.118 8.10384133641276 8.09654279097171 8.118 8.06474225725981 8.118 8.11120447013268 8.1194051065163 8.118 8.11098976416208 8.118
30062003 8.0938 8.0938 8.0938 8.10576785616555 8.11234563224026 8.0938 8.12357383219361 8.0938 8.11520427942164 8.09099651936936 8.0938 8.09711781766913 8.0938 8.0938 8.08023072704629 8.07803780016172 8.0938 8.04240605545002 8.0938 8.08562522489135 8.09406649326193 8.0938 8.08854639146464 8.0938
30052003 7.7398 7.7398 7.7398 7.75364120036508 7.75571862205553 7.7398 7.76827160868963 7.7398 7.76295700183581 7.7398 7.7398 7.71657071276804 7.7398 7.7398 7.72575556541939 7.72259063539808 7.7398 7.69137148465279 7.7398 7.73172819468571 7.7398 7.7398 7.73712754903638 7.7398
30042003 8.1911 8.1911 8.1911 8.21093623884172 8.21726078195859 8.1911 8.23006727351418 8.1911 8.21560726346124 8.19044178949493 8.1911 8.21916976778671 8.1911 8.1911 8.17049190282617 8.16721367456502 8.1911 8.14390032883988 8.1911 8.18255753578776 8.19103258714549 8.1911 8.19420656110216 8.1911
30032003 8.5 8.5 8.5 8.52330558164027 8.53100583785453 8.5 8.53628171423747 8.5 8.52611660447767 8.49897670481332 8.5 8.51447449762364 8.5 8.5 8.47909415931209 8.48103709196468 8.5 8.4531543993689 8.5 8.4912052679837 8.50006995568108 8.5 8.51229707848837 8.5
30022003 8.4825 8.4825 8.4825 8.50124299397473 8.50158292881933 8.4825 8.49911456721543 8.4825 8.50958728437536 8.4825 8.4825 8.46270834889049 8.4825 8.4825 8.46450094291681 8.47059800934145 8.4825 8.43805126942763 8.4825 8.47365363593652 8.48236037151912 8.4825 8.49639121965518 8.4825
30012003 8.5323 8.5323 8.5323 8.54689093189657 8.54209100630486 8.5323 8.54901210985585 8.5323 8.55954631140299 8.53202632270766 8.5323 8.55095089682714 8.5323 8.5323 8.51595562177456 8.52509669249079 8.5323 8.48795063946765 8.5323 8.52354200378696 8.5323 8.5323 8.54710281843496 8.5323
30122002 8.825 8.825 8.825 8.83990340501358 8.83088283931859 8.825 8.85924172130618 8.825 8.85346497315531 8.82295123010659 8.825 8.82744561675911 8.825 8.825 8.80876888606025 8.81259655533142 8.825 8.77446289333116 8.825 8.81594156129296 8.82572608054037 8.825 8.83356867688243 8.825
30112002 9.1325 9.1325 9.1325 9.15011945364255 9.14638121017842 9.1325 9.18207930136533 9.1325 9.16408430225042 9.13147852453872 9.1325 9.12454718670043 9.1325 9.1325 9.11700752594931 9.11966436731606 9.1325 9.07911676721688 9.1325 9.1223753800864 9.1355733173161 9.1325 9.14136724551034 9.1325
30102002 9.1975 9.1975 9.1975 9.21050213697519 9.21267727690629 9.1975 9.24148593195485 9.1975 9.23034152064723 9.1975 9.1975 9.18949058304705 9.1975 9.1975 9.18580555968982 9.17804237320414 9.1975 9.15154920409151 9.1975 9.18421259882068 9.1975 9.1975 9.20863187004579 9.1975
30092002 9.2825 9.2825 9.2825 9.29624159861249 9.29954952357666 9.2825 9.31140907196742 9.2825 9.3156450302156 9.28257411917363 9.2825 9.28564885604222 9.2825 9.2825 9.26869079482966 9.25754828155206 9.2825 9.22306274829528 9.2825 9.26908980141919 9.28242397282427 9.2825 9.28578097662076 9.2825
30082002 9.2975 9.2975 9.2975 9.31304449790431 9.31767124298691 9.2975 9.37209591651023 9.2975 9.33062408729143 9.29742576164672 9.2975 9.30437296567629 9.2975 9.2975 9.28628249576599 9.27109352724573 9.2975 9.23845840646937 9.2975 9.28414417193163 9.29742384248351 9.2975 9.29907651601277 9.2975
30072002 9.4275 9.4275 9.4275 9.44171314261052 9.44892830612329 9.4275 9.50313893550956 9.4275 9.46116278183222 9.42757527697381 9.4275 9.43446906522326 9.4275 9.4275 9.41880819885841 9.3993514743069 9.4275 9.36995875279845 9.4275 9.41403453943277 9.42765443904806 9.4275 9.42884364629536 9.4275
30062002 9.1625 9.1625 9.1625 9.17628634118095 9.18733679619291 9.1625 9.23601278139553 9.1625 9.19514312447516 9.16257316800498 9.1625 9.14790959062279 9.1625 9.1625 9.15339139306761 9.14167582227772 9.1625 9.10466381711209 9.1625 9.14926316245659 9.1625 9.1625 9.1501978253382 9.1625
30052002 9.8525 9.8525 9.8525 9.87080962379865 9.87553015738582 9.8525 9.93590872154986 9.8525 9.8875224211298 9.85383876753444 9.8525 9.85316456446893 9.8525 9.8525 9.83918125792406 9.83292064011884 9.8525 9.79618247906315 9.8525 9.83826633649152 9.8525 9.8525 9.83581351223622 9.8525
30042002 10.22 10.22 10.22 10.2429237077276 10.2320244267114 10.22 10.2714454784995 10.22 10.2549353128122 10.2213909718815 10.22 10.2167160397877 10.22 10.22 10.2075742490691 10.215638999177 10.22 10.1517532284911 10.22 10.2052354183145 10.2198325811493 10.22 10.1953440749988 10.22
30032002 10.3375 10.3375 10.3375 10.3595573042691 10.3489510719279 10.3375 10.3896811951647 10.3375 10.3714253850405 10.3388262984928 10.3375 10.3545867678379 10.3375 10.3375 10.3278542871034 10.3345451615081 10.3375 10.260240462644 10.3375 10.3227347707649 10.3375846770396 10.3375 10.3015290314463 10.3375
30022002 10.4925 10.4925 10.4925 10.5159607245959 10.5049836922008 10.4925 10.5454635976073 10.4925 10.5255836311324 10.4923316256524 10.4925 10.5261608973736 10.4925 10.4925 10.4826673146063 10.4970099959823 10.4925 10.4128889662458 10.4925 10.4774275583751 10.4924140540208 10.4925 10.4463759863743 10.4925
30012002 10.6325 10.6325 10.6325 10.655781136492 10.6403949137535 10.6325 10.6861702836845 10.6325 10.6661962231924 10.6325853073915 10.6325 10.6359176056985 10.6325 10.6325 10.618652313795 10.6446862930821 10.6325 10.5454517991114 10.6325 10.6173134171858 10.6332835587669 10.6325 10.5798352927956 10.6325
30122001 10.6675 10.6675 10.6675 10.6892414694622 10.6707007477984 10.6675 10.7213469552038 10.6675 10.7012212854579 10.667585596447 10.6675 10.7246611507571 10.6675 10.6675 10.6513279270875 10.6705526548998 10.6675 10.5793721494603 10.6675 10.6514784687039 10.6698544247618 10.6675 10.6130619871205 10.6675
30112001 10.665 10.665 10.665 10.686829038708 10.6797121757854 10.665 10.7079509115537 10.665 10.6986275364334 10.665 10.665 10.7169817678971 10.665 10.665 10.646531807046 10.6573641326331 10.665 10.577723409405 10.665 10.6466324043838 10.668475983801 10.665 10.6074552246259 10.665
30102001 10.5875 10.5875 10.5875 10.6137377191272 10.6225512538886 10.5875 10.6140499688702 10.5875 10.6208831731822 10.5851246360007 10.5875 10.6072194521338 10.5875 10.5875 10.5646068312975 10.5662792786677 10.5875 10.4970538780767 10.5875 10.5658222179596 10.5924800629215 10.5875 10.5347524358101 10.5875
30092001 10.66 10.66 10.66 10.6849891287842 10.6936937531806 10.66 10.6823601244032 10.66 10.6960114802105 10.6581253240518 10.66 10.6556745705339 10.66 10.66 10.6360686578804 10.6431582255857 10.66 10.5818019470159 10.66 10.6331722292036 10.6649860213987 10.66 10.616327491196 10.66
30082001 10.425 10.425 10.425 10.4478218146331 10.4592677643993 10.425 10.4442923544476 10.425 10.4620574717359 10.4251665242364 10.425 10.4440667292547 10.425 10.425 10.4015962249909 10.4009996285667 10.425 10.3484797812882 10.425 10.3939020892321 10.4260052554028 10.425 10.3966533833978 10.425
30072001 10.55 10.55 10.55 10.5736718558453 10.5884938527336 10.55 10.5925689967494 10.55 10.5873326886641 10.5514338195832 10.55 10.5692953471114 10.55 10.55 10.5217369463521 10.5104909633928 10.55 10.4761312269388 10.55 10.5175150362191 10.5516929574975 10.55 10.517372255333 10.55
30062001 10.845 10.845 10.845 10.8702848592525 10.8859422089231 10.845 10.8420042439702 10.845 10.8818976616675 10.8455207558185 10.845 10.8492604674686 10.845 10.845 10.8126975209303 10.8090494331884 10.845 10.7723836274315 10.845 10.8098720297532 10.8470839747832 10.845 10.8194784087637 10.845
30052001 10.5775 10.5775 10.5775 10.6006556589239 10.6061570355488 10.5775 10.5745781365232 10.5775 10.612977938799 10.5775 10.5775 10.5816553798662 10.5775 10.5775 10.5489898621563 10.5484507946642 10.5775 10.5083258493596 10.5775 10.5412128882316 10.5824776006389 10.5775 10.5689881925024 10.5775
30042001 10.195 10.195 10.195 10.2102773377762 10.2118896563807 10.195 10.2064983030764 10.195 10.2291949974999 10.195 10.195 10.1418976597008 10.195 10.195 10.171178354979 10.1713453358144 10.195 10.1291082634688 10.195 10.1552461957522 10.199125229702 10.195 10.2021951024831 10.195
30032001 10.4125 10.4125 10.4125 10.4255229287412 10.4284975081436 10.4125 10.41781179297 10.4125 10.4474245131406 10.4125 10.4125 10.3608201148298 10.4125 10.4125 10.3834867542776 10.3822039351915 10.4125 10.3490423054271 10.4125 10.3677029776366 10.413981960649 10.4125 10.4227569202924 10.4125
30022001 9.845 9.845 9.845 9.85826417734323 9.85575479186952 9.845 9.85002229068812 9.845 9.87802106428511 9.845 9.845 9.77781516967885 9.845 9.845 9.81693366025745 9.82331925664048 9.845 9.78950241452999 9.845 9.80124953168935 9.85289780256222 9.845 9.8643876856504 9.845
30112000 10.075 10.075 10.075 10.0843266399807 10.0918183071261 10.075 10.0851181338625 10.075 10.1067672226504 10.075 10.075 9.99832579680427 10.075 10.075 10.0465491798988 10.048653413213 10.075 9.99641105316097 10.075 10.0221874833707 10.075 10.075 10.1178518414106 10.075
30102000 10.0825 10.0825 10.0825 10.0908480288902 10.0960144798855 10.0825 10.1239532180735 10.0825 10.1142908707069 10.0825 10.0825 10.0057687192337 10.0825 10.0825 10.0539772584943 10.0590723008381 10.0825 9.99987238989189 10.0825 10.0296481688422 10.0825788819998 10.0825 10.1293287751132 10.0825
30092000 9.6825 9.6825 9.6825 9.69065334519951 9.69184466820164 9.6825 9.71758584968291 9.6825 9.71302964102355 9.6825 9.6825 9.60282188318964 9.6825 9.6825 9.65597468245947 9.65814033822129 9.6825 9.60677287992919 9.6825 9.63166958883774 9.68234848958982 9.6825 9.72783128753472 9.6825
30082000 9.44 9.44 9.44 9.44732218476179 9.45512528840775 9.44 9.4851213777655 9.44 9.46976502052799 9.44 9.44 9.35155722022942 9.44 9.44 9.41269231906836 9.40410174796895 9.44 9.3704137267359 9.44 9.39058958850593 9.4402954108091 9.44 9.48443883823093 9.44
30072000 9.1775 9.1775 9.1775 9.18481571898426 9.18678183387613 9.1775 9.22311717524942 9.1775 9.20643733854827 9.1775 9.1775 9.12667872821354 9.1775 9.1775 9.1499956287491 9.14171016174292 9.1775 9.1146323393032 9.1775 9.12917786977672 9.17742821244886 9.1775 9.22092522430085 9.1775
30062000 8.8125 8.8125 8.8125 8.82099406989521 8.8255197705791 8.8125 8.89061702552932 8.8125 8.84028646646218 8.8125 8.8125 8.72685384301457 8.8125 8.8125 8.79037684545892 8.78670256236098 8.8125 8.75326101345952 8.8125 8.76616826795535 8.81070565643215 8.8125 8.85420731273583 8.8125
30052000 8.995 8.995 8.995 9.001072796617 8.9966432363113 8.995 9.05599796685349 8.995 9.02336190250522 8.995 8.995 8.90758017791955 8.995 8.995 8.97281790105517 8.96851873783698 8.995 8.93517946626953 8.995 8.949531018857 8.99323470223907 8.995 9.03923961672439 8.995
30042000 8.9275 8.9275 8.9275 8.93352722532499 8.92913090518834 8.9275 8.98804022780262 8.9275 8.95564906999615 8.9275 8.9275 8.88058161210425 8.9275 8.9275 8.90055344756345 8.89945175173133 8.9275 8.8681964115034 8.9275 8.8841157621466 8.92630620675336 8.9275 8.96443769089194 8.9275
30032000 8.67 8.67 8.67 8.67675875286062 8.67623413395976 8.67 8.73304372631854 8.67 8.69733715338747 8.67097471286432 8.67 8.63065945234208 8.67 8.67 8.64755931335826 8.6477992766615 8.67 8.61768017480288 8.67 8.62902099409676 8.66918049048413 8.67 8.70961295943678 8.67
30022000 8.715 8.715 8.715 8.71873436485559 8.71456196124429 8.715 8.77533907339876 8.715 8.74149629099003 8.71752572343765 8.715 8.68715720093701 8.715 8.715 8.69581111767675 8.69772762479394 8.715 8.65795773630724 8.715 8.67462824728357 8.7130743663927 8.715 8.7543024738787 8.715
30012000 8.76 8.76 8.76 8.76967921261037 8.76510664318999 8.76 8.82921237802136 8.76 8.78408735900766 8.76 8.76 8.75364338220231 8.76 8.76 8.7406660752185 8.74166256402691 8.76 8.70338926413062 8.76 8.72134682326424 8.75896091554844 8.76 8.7957072325737 8.76
30121999 8.525 8.525 8.525 8.53127975665622 8.52884114973698 8.525 8.5923502872573 8.525 8.54844117985619 8.52630734157454 8.525 8.50446659614614 8.525 8.525 8.5065800511844 8.50715449295998 8.525 8.4734080893537 8.525 8.48839061906834 8.52580916908692 8.525 8.55503462770306 8.525
30111999 8.51 8.51 8.51 8.51660810056568 8.51993814531232 8.51 8.55999832530371 8.51 8.53209150529426 8.51110083457691 8.51 8.48109958727721 8.51 8.51 8.49206109377745 8.49308324122632 8.51 8.46035130077818 8.51 8.47265083415042 8.50851862934405 8.51 8.53289177523866 8.51
30101999 8.23 8.23 8.23 8.23688259425729 8.24114203560534 8.23 8.27323553202221 8.23 8.25029740022606 8.23 8.23 8.25913708694468 8.23 8.23 8.21223710272737 8.20617451163006 8.23 8.18025759619575 8.23 8.19530630450458 8.23013037520534 8.23 8.24636739841563 8.23
30091999 8.195 8.195 8.195 8.20003086433282 8.20188437042038 8.195 8.22497476921053 8.195 8.21521108078403 8.195 8.195 8.22401317466728 8.195 8.195 8.17971106652795 8.17356195251076 8.195 8.14261151282626 8.195 8.16032457611455 8.19402580789813 8.195 8.21169850636485 8.195
30081999 8.2875 8.2875 8.2875 8.2890985825426 8.29502081462832 8.2875 8.3274940815144 8.2875 8.30793921073797 8.2875 8.2875 8.28569934716725 8.2875 8.2875 8.27283864437007 8.26743030232647 8.2875 8.23059155918523 8.2875 8.25341431794891 8.28697397649014 8.2875 8.31181859420611 8.2875
30071999 8.2125 8.2125 8.2125 8.21545205450095 8.22586328197765 8.2125 8.25666877597561 8.2125 8.23275424050505 8.2125 8.2125 8.210715642668 8.2125 8.2125 8.19920552536317 8.19344034375272 8.2125 8.1572710629746 8.2125 8.17924193782294 8.21099924261848 8.2125 8.23079825517545 8.2125
30061999 8.455 8.455 8.455 8.4554945828817 8.46364746737219 8.455 8.49823813376167 8.455 8.47585231092483 8.455 8.455 8.45377044977374 8.455 8.455 8.44045759770449 8.43616161354979 8.455 8.39695502897739 8.455 8.42229898467745 8.45486547441905 8.455 8.46701359316098 8.455
30051999 8.5775 8.5775 8.5775 8.57807814282971 8.58085635164195 8.5775 8.6213645880947 8.5775 8.59865442897194 8.5775 8.5775 8.57625263547418 8.5775 8.5775 8.56143250026039 8.55851395764121 8.5775 8.51618411492255 8.5775 8.54446114602844 8.5775 8.5775 8.59169287634426 8.5775
30041999 8.3825 8.3825 8.3825 8.38329299821281 8.38522026693959 8.3825 8.42185794139531 8.3825 8.40317350636634 8.38087438111953 8.3825 8.37023600023129 8.3825 8.3825 8.37056923207117 8.37062017459424 8.3825 8.32183347764871 8.3825 8.35021224792578 8.38296670751327 8.3825 8.39352548033496 8.3825
30031999 8.3 8.3 8.3 8.29921271037326 8.30326813950786 8.3 8.31424655118167 8.3 8.32208394149965 8.29892896294637 8.3 8.29269699796474 8.3 8.3 8.28898737095557 8.29074468963295 8.3 8.23036121271896 8.3 8.26756971319801 8.29966996567817 8.3 8.3128763852942 8.3
30021999 8.19 8.19 8.19 8.18811424389028 8.18567537575467 8.19 8.20405774146722 8.19 8.21285105405746 8.18934028751595 8.19 8.18460649170858 8.19 8.19 8.17867954297393 8.18085642607127 8.19 8.12099374923963 8.19 8.15832391301104 8.18915258206085 8.19 8.20162335488148 8.19
